Item name: Decay

Real time: 32.533
Live time: 0
Time calibration: 2.743484E-02ns/ch

Comment: 


Chan	Data
1	0
2	0
3	0
4	0
5	0
6	0
7	0
8	0
9	0
10	0
11	0
12	0
13	0
14	0
15	0
16	0
17	0
18	0
19	0
20	0
21	0
22	0
23	0
24	0
25	0
26	0
27	0
28	0
29	0
30	0
31	0
32	0
33	0
34	0
35	0
36	0
37	0
38	0
39	0
40	0
41	0
42	0
43	0
44	0
45	0
46	0
47	0
48	0
49	0
50	0
51	0
52	0
53	0
54	0
55	0
56	0
57	0
58	0
59	0
60	0
61	0
62	0
63	0
64	0
65	0
66	0
67	0
68	0
69	0
70	0
71	0
72	0
73	0
74	0
75	0
76	0
77	0
78	0
79	0
80	0
81	0
82	0
83	0
84	0
85	0
86	0
87	0
88	0
89	0
90	0
91	0
92	0
93	0
94	0
95	0
96	0
97	0
98	0
99	0
100	0
101	0
102	0
103	0
104	0
105	0
106	0
107	0
108	0
109	0
110	0
111	0
112	0
113	0
114	0
115	0
116	0
117	0
118	0
119	0
120	0
121	0
122	0
123	0
124	0
125	0
126	0
127	0
128	0
129	0
130	0
131	0
132	0
133	0
134	0
135	0
136	0
137	0
138	0
139	0
140	0
141	0
142	0
143	0
144	0
145	0
146	0
147	0
148	0
149	0
150	0
151	0
152	0
153	0
154	0
155	0
156	0
157	0
158	0
159	0
160	0
161	0
162	0
163	0
164	0
165	0
166	0
167	0
168	0
169	0
170	0
171	0
172	0
173	0
174	0
175	0
176	0
177	0
178	0
179	0
180	0
181	0
182	0
183	0
184	0
185	0
186	0
187	0
188	0
189	0
190	0
191	0
192	0
193	0
194	0
195	0
196	0
197	0
198	0
199	0
200	0
201	0
202	3
203	8
204	6
205	10
206	3
207	4
208	4
209	5
210	5
211	8
212	6
213	7
214	2
215	7
216	2
217	6
218	6
219	2
220	7
221	7
222	4
223	7
224	3
225	4
226	6
227	2
228	6
229	1
230	3
231	4
232	5
233	7
234	7
235	3
236	2
237	2
238	4
239	3
240	7
241	3
242	4
243	7
244	2
245	8
246	5
247	7
248	4
249	6
250	12
251	8
252	9
253	5
254	7
255	5
256	8
257	7
258	8
259	11
260	4
261	4
262	5
263	4
264	4
265	3
266	4
267	3
268	5
269	8
270	7
271	8
272	4
273	4
274	3
275	8
276	10
277	8
278	8
279	6
280	5
281	6
282	5
283	5
284	6
285	4
286	4
287	7
288	4
289	5
290	6
291	6
292	6
293	2
294	8
295	6
296	5
297	7
298	4
299	4
300	3
301	5
302	7
303	5
304	6
305	4
306	5
307	4
308	3
309	6
310	7
311	4
312	8
313	6
314	2
315	3
316	7
317	6
318	7
319	9
320	0
321	8
322	6
323	3
324	3
325	6
326	6
327	4
328	9
329	4
330	7
331	7
332	8
333	8
334	3
335	7
336	3
337	3
338	0
339	1
340	8
341	5
342	7
343	10
344	6
345	8
346	3
347	6
348	9
349	7
350	7
351	5
352	2
353	5
354	8
355	6
356	5
357	4
358	3
359	6
360	13
361	2
362	9
363	3
364	6
365	10
366	11
367	4
368	3
369	5
370	6
371	0
372	4
373	5
374	5
375	5
376	5
377	6
378	2
379	6
380	5
381	3
382	7
383	5
384	4
385	4
386	1
387	4
388	7
389	4
390	7
391	9
392	9
393	10
394	2
395	5
396	7
397	9
398	7
399	4
400	5
401	2
402	4
403	3
404	2
405	5
406	6
407	3
408	7
409	3
410	4
411	5
412	7
413	5
414	5
415	6
416	5
417	7
418	6
419	4
420	5
421	4
422	10
423	3
424	4
425	6
426	5
427	8
428	8
429	4
430	3
431	7
432	2
433	2
434	0
435	6
436	6
437	7
438	8
439	4
440	5
441	8
442	8
443	2
444	10
445	3
446	2
447	4
448	5
449	4
450	6
451	8
452	7
453	5
454	10
455	6
456	3
457	8
458	7
459	3
460	2
461	6
462	6
463	8
464	4
465	5
466	6
467	10
468	7
469	8
470	3
471	11
472	9
473	5
474	5
475	5
476	11
477	2
478	1
479	6
480	4
481	6
482	11
483	10
484	8
485	6
486	6
487	4
488	4
489	7
490	3
491	2
492	3
493	1
494	6
495	1
496	5
497	9
498	9
499	5
500	5
501	6
502	13
503	3
504	5
505	7
506	6
507	10
508	6
509	2
510	10
511	2
512	4
513	4
514	2
515	6
516	5
517	3
518	5
519	3
520	2
521	6
522	4
523	6
524	6
525	4
526	4
527	0
528	9
529	8
530	4
531	4
532	7
533	7
534	10
535	8
536	5
537	2
538	6
539	7
540	10
541	7
542	7
543	8
544	4
545	4
546	7
547	2
548	2
549	5
550	2
551	5
552	4
553	5
554	8
555	5
556	6
557	0
558	5
559	6
560	5
561	4
562	2
563	5
564	6
565	4
566	4
567	4
568	7
569	4
570	6
571	5
572	6
573	3
574	8
575	4
576	2
577	9
578	6
579	5
580	2
581	5
582	2
583	5
584	6
585	5
586	6
587	6
588	5
589	8
590	8
591	2
592	4
593	8
594	5
595	2
596	6
597	10
598	5
599	6
600	1
601	11
602	5
603	2
604	2
605	6
606	5
607	7
608	3
609	7
610	4
611	9
612	4
613	3
614	4
615	6
616	2
617	8
618	5
619	4
620	5
621	6
622	8
623	3
624	3
625	2
626	11
627	7
628	3
629	5
630	5
631	6
632	3
633	3
634	7
635	5
636	5
637	5
638	2
639	2
640	5
641	9
642	6
643	3
644	9
645	3
646	3
647	6
648	1
649	7
650	3
651	5
652	8
653	5
654	3
655	3
656	5
657	5
658	4
659	2
660	1
661	2
662	2
663	4
664	8
665	2
666	4
667	5
668	3
669	7
670	4
671	4
672	10
673	3
674	4
675	3
676	6
677	5
678	3
679	5
680	7
681	4
682	4
683	3
684	0
685	4
686	5
687	3
688	2
689	6
690	5
691	0
692	4
693	4
694	6
695	6
696	10
697	3
698	4
699	5
700	10
701	5
702	3
703	3
704	4
705	6
706	11
707	4
708	6
709	5
710	6
711	6
712	5
713	5
714	9
715	5
716	6
717	6
718	9
719	3
720	3
721	5
722	8
723	10
724	8
725	2
726	2
727	6
728	5
729	4
730	4
731	4
732	6
733	2
734	5
735	4
736	6
737	6
738	7
739	7
740	5
741	2
742	5
743	5
744	6
745	7
746	7
747	2
748	6
749	6
750	7
751	4
752	5
753	7
754	6
755	7
756	3
757	7
758	7
759	5
760	2
761	9
762	5
763	4
764	5
765	5
766	5
767	6
768	5
769	6
770	6
771	6
772	6
773	5
774	2
775	7
776	5
777	6
778	3
779	6
780	4
781	6
782	6
783	5
784	5
785	5
786	9
787	7
788	5
789	5
790	2
791	10
792	10
793	6
794	4
795	7
796	9
797	6
798	3
799	6
800	5
801	5
802	4
803	6
804	4
805	9
806	4
807	4
808	2
809	6
810	5
811	1
812	10
813	4
814	6
815	5
816	6
817	4
818	2
819	3
820	5
821	3
822	7
823	4
824	6
825	5
826	7
827	8
828	6
829	8
830	4
831	4
832	7
833	6
834	6
835	2
836	4
837	5
838	4
839	4
840	5
841	6
842	4
843	6
844	12
845	2
846	7
847	7
848	4
849	4
850	7
851	4
852	3
853	3
854	1
855	3
856	2
857	8
858	5
859	4
860	5
861	3
862	8
863	6
864	6
865	4
866	4
867	3
868	6
869	7
870	7
871	5
872	5
873	3
874	6
875	3
876	5
877	7
878	7
879	8
880	3
881	7
882	6
883	5
884	6
885	3
886	9
887	0
888	6
889	4
890	7
891	4
892	6
893	5
894	5
895	2
896	5
897	8
898	4
899	7
900	7
901	7
902	6
903	6
904	2
905	7
906	3
907	5
908	2
909	6
910	4
911	7
912	4
913	3
914	3
915	5
916	4
917	5
918	2
919	8
920	6
921	4
922	2
923	7
924	4
925	5
926	6
927	3
928	2
929	5
930	4
931	4
932	6
933	2
934	7
935	8
936	1
937	1
938	8
939	5
940	5
941	2
942	4
943	4
944	8
945	5
946	6
947	5
948	6
949	5
950	6
951	3
952	9
953	6
954	6
955	3
956	5
957	6
958	4
959	6
960	2
961	7
962	4
963	5
964	7
965	2
966	4
967	4
968	3
969	1
970	6
971	1
972	5
973	3
974	4
975	1
976	2
977	7
978	3
979	4
980	5
981	5
982	5
983	6
984	5
985	4
986	5
987	6
988	2
989	8
990	4
991	6
992	2
993	6
994	8
995	7
996	6
997	7
998	7
999	4
1000	8
1001	9
1002	7
1003	11
1004	8
1005	8
1006	6
1007	11
1008	15
1009	10
1010	42
1011	43
1012	90
1013	186
1014	386
1015	632
1016	1233
1017	1904
1018	2783
1019	3878
1020	4920
1021	5892
1022	6763
1023	7392
1024	8110
1025	8442
1026	8708
1027	9190
1028	9254
1029	9424
1030	9705
1031	9487
1032	9571
1033	9647
1034	9737
1035	9765
1036	10000
1037	9773
1038	9759
1039	9754
1040	9662
1041	9461
1042	9395
1043	9190
1044	9244
1045	9149
1046	9381
1047	9218
1048	8911
1049	9121
1050	8876
1051	8761
1052	8624
1053	8817
1054	8655
1055	8537
1056	8318
1057	8258
1058	8366
1059	8185
1060	8105
1061	8080
1062	7988
1063	7975
1064	7978
1065	7987
1066	7675
1067	7760
1068	7583
1069	7737
1070	7501
1071	7657
1072	7425
1073	7371
1074	7296
1075	7332
1076	7419
1077	7270
1078	7092
1079	7075
1080	6754
1081	6875
1082	6748
1083	6718
1084	6737
1085	6795
1086	6593
1087	6667
1088	6598
1089	6573
1090	6363
1091	6290
1092	6358
1093	6287
1094	6347
1095	6166
1096	6107
1097	6058
1098	6104
1099	6025
1100	5782
1101	5821
1102	5799
1103	5696
1104	5700
1105	5602
1106	5700
1107	5629
1108	5591
1109	5538
1110	5510
1111	5357
1112	5316
1113	5181
1114	5119
1115	5354
1116	5142
1117	5240
1118	5080
1119	5103
1120	4999
1121	4979
1122	4965
1123	4967
1124	4938
1125	4724
1126	4911
1127	4812
1128	4680
1129	4667
1130	4737
1131	4544
1132	4485
1133	4399
1134	4598
1135	4529
1136	4453
1137	4366
1138	4379
1139	4251
1140	4275
1141	4328
1142	4253
1143	4138
1144	4122
1145	4140
1146	4047
1147	4029
1148	4056
1149	4041
1150	3973
1151	3963
1152	3996
1153	3851
1154	3782
1155	3756
1156	3769
1157	3852
1158	3829
1159	3796
1160	3607
1161	3644
1162	3651
1163	3657
1164	3648
1165	3527
1166	3448
1167	3367
1168	3547
1169	3343
1170	3423
1171	3292
1172	3433
1173	3304
1174	3355
1175	3331
1176	3146
1177	3221
1178	3197
1179	3259
1180	3170
1181	3168
1182	3044
1183	3067
1184	3045
1185	3017
1186	2971
1187	2963
1188	2939
1189	3000
1190	2933
1191	2898
1192	2790
1193	2875
1194	2942
1195	2812
1196	2880
1197	2732
1198	2800
1199	2719
1200	2814
1201	2692
1202	2740
1203	2690
1204	2577
1205	2590
1206	2669
1207	2583
1208	2624
1209	2549
1210	2518
1211	2464
1212	2464
1213	2487
1214	2453
1215	2464
1216	2359
1217	2453
1218	2399
1219	2386
1220	2375
1221	2265
1222	2358
1223	2310
1224	2283
1225	2252
1226	2243
1227	2244
1228	2270
1229	2224
1230	2053
1231	2208
1232	2203
1233	2207
1234	2237
1235	2146
1236	2118
1237	1975
1238	2045
1239	2007
1240	2035
1241	2051
1242	2035
1243	2048
1244	1976
1245	2014
1246	1973
1247	1938
1248	1947
1249	1932
1250	1833
1251	1918
1252	1875
1253	1886
1254	1853
1255	1780
1256	1841
1257	1769
1258	1744
1259	1818
1260	1723
1261	1704
1262	1747
1263	1807
1264	1813
1265	1675
1266	1672
1267	1613
1268	1702
1269	1653
1270	1612
1271	1643
1272	1593
1273	1596
1274	1562
1275	1577
1276	1527
1277	1596
1278	1463
1279	1519
1280	1454
1281	1455
1282	1564
1283	1421
1284	1484
1285	1512
1286	1512
1287	1394
1288	1385
1289	1444
1290	1418
1291	1418
1292	1367
1293	1377
1294	1392
1295	1365
1296	1416
1297	1370
1298	1392
1299	1324
1300	1294
1301	1328
1302	1331
1303	1272
1304	1262
1305	1308
1306	1336
1307	1274
1308	1232
1309	1315
1310	1339
1311	1185
1312	1243
1313	1150
1314	1166
1315	1164
1316	1148
1317	1203
1318	1239
1319	1177
1320	1179
1321	1155
1322	1153
1323	1131
1324	1158
1325	1034
1326	1136
1327	1109
1328	1073
1329	1086
1330	1059
1331	1092
1332	1045
1333	1023
1334	1040
1335	1042
1336	1038
1337	1056
1338	1037
1339	977
1340	953
1341	981
1342	977
1343	979
1344	976
1345	1006
1346	970
1347	951
1348	978
1349	977
1350	910
1351	935
1352	917
1353	923
1354	960
1355	916
1356	948
1357	860
1358	884
1359	855
1360	843
1361	902
1362	868
1363	841
1364	810
1365	800
1366	882
1367	850
1368	845
1369	840
1370	835
1371	883
1372	832
1373	828
1374	825
1375	797
1376	792
1377	804
1378	760
1379	814
1380	771
1381	768
1382	762
1383	782
1384	753
1385	802
1386	768
1387	744
1388	769
1389	794
1390	747
1391	705
1392	751
1393	709
1394	726
1395	717
1396	687
1397	720
1398	708
1399	639
1400	630
1401	686
1402	659
1403	696
1404	630
1405	648
1406	649
1407	657
1408	659
1409	644
1410	630
1411	631
1412	560
1413	632
1414	605
1415	605
1416	583
1417	577
1418	605
1419	584
1420	614
1421	598
1422	566
1423	563
1424	546
1425	575
1426	562
1427	520
1428	561
1429	565
1430	514
1431	513
1432	555
1433	559
1434	543
1435	531
1436	519
1437	525
1438	496
1439	544
1440	551
1441	545
1442	491
1443	553
1444	513
1445	504
1446	503
1447	533
1448	463
1449	509
1450	504
1451	419
1452	493
1453	492
1454	436
1455	502
1456	501
1457	467
1458	494
1459	439
1460	459
1461	450
1462	478
1463	471
1464	406
1465	443
1466	477
1467	460
1468	444
1469	416
1470	398
1471	406
1472	443
1473	413
1474	434
1475	420
1476	414
1477	386
1478	388
1479	364
1480	414
1481	375
1482	380
1483	375
1484	359
1485	373
1486	389
1487	384
1488	330
1489	379
1490	390
1491	359
1492	360
1493	329
1494	379
1495	374
1496	388
1497	369
1498	341
1499	351
1500	382
1501	378
1502	343
1503	368
1504	367
1505	381
1506	346
1507	316
1508	364
1509	322
1510	318
1511	313
1512	339
1513	339
1514	330
1515	326
1516	320
1517	337
1518	319
1519	300
1520	301
1521	315
1522	320
1523	333
1524	320
1525	309
1526	297
1527	251
1528	286
1529	311
1530	309
1531	265
1532	276
1533	261
1534	280
1535	287
1536	270
1537	287
1538	253
1539	292
1540	266
1541	273
1542	287
1543	276
1544	246
1545	302
1546	238
1547	266
1548	292
1549	247
1550	256
1551	249
1552	280
1553	270
1554	231
1555	244
1556	252
1557	231
1558	258
1559	219
1560	226
1561	255
1562	251
1563	266
1564	217
1565	242
1566	230
1567	236
1568	248
1569	232
1570	224
1571	241
1572	239
1573	252
1574	244
1575	207
1576	211
1577	194
1578	234
1579	235
1580	208
1581	233
1582	211
1583	189
1584	204
1585	213
1586	219
1587	207
1588	186
1589	212
1590	224
1591	203
1592	197
1593	189
1594	189
1595	197
1596	200
1597	196
1598	203
1599	200
1600	206
1601	207
1602	217
1603	207
1604	184
1605	160
1606	173
1607	180
1608	198
1609	190
1610	186
1611	186
1612	172
1613	193
1614	172
1615	175
1616	160
1617	161
1618	155
1619	186
1620	159
1621	175
1622	160
1623	209
1624	169
1625	170
1626	160
1627	149
1628	141
1629	138
1630	165
1631	156
1632	161
1633	152
1634	137
1635	147
1636	171
1637	144
1638	140
1639	176
1640	151
1641	164
1642	160
1643	160
1644	146
1645	138
1646	132
1647	160
1648	132
1649	139
1650	153
1651	146
1652	133
1653	135
1654	151
1655	145
1656	140
1657	139
1658	126
1659	138
1660	115
1661	156
1662	120
1663	132
1664	151
1665	139
1666	126
1667	138
1668	141
1669	129
1670	128
1671	127
1672	120
1673	133
1674	146
1675	130
1676	118
1677	127
1678	115
1679	120
1680	100
1681	124
1682	108
1683	114
1684	128
1685	103
1686	103
1687	133
1688	124
1689	120
1690	98
1691	118
1692	117
1693	120
1694	129
1695	110
1696	126
1697	93
1698	114
1699	95
1700	106
1701	123
1702	108
1703	106
1704	109
1705	119
1706	93
1707	100
1708	107
1709	89
1710	101
1711	96
1712	109
1713	93
1714	88
1715	94
1716	109
1717	111
1718	109
1719	124
1720	102
1721	109
1722	100
1723	108
1724	96
1725	90
1726	83
1727	103
1728	82
1729	81
1730	84
1731	92
1732	68
1733	93
1734	87
1735	88
1736	89
1737	75
1738	89
1739	76
1740	85
1741	87
1742	87
1743	73
1744	86
1745	66
1746	91
1747	90
1748	73
1749	96
1750	77
1751	87
1752	84
1753	75
1754	93
1755	80
1756	62
1757	89
1758	78
1759	90
1760	68
1761	76
1762	73
1763	64
1764	72
1765	81
1766	74
1767	66
1768	70
1769	92
1770	73
1771	77
1772	76
1773	67
1774	73
1775	71
1776	56
1777	72
1778	78
1779	53
1780	91
1781	63
1782	46
1783	82
1784	73
1785	64
1786	68
1787	64
1788	58
1789	66
1790	82
1791	67
1792	74
1793	79
1794	62
1795	62
1796	74
1797	61
1798	64
1799	70
1800	70
1801	67
1802	68
1803	59
1804	73
1805	62
1806	51
1807	59
1808	67
1809	53
1810	70
1811	69
1812	62
1813	63
1814	66
1815	54
1816	63
1817	68
1818	56
1819	63
1820	59
1821	66
1822	45
1823	72
1824	56
1825	67
1826	62
1827	48
1828	64
1829	64
1830	39
1831	49
1832	37
1833	48
1834	54
1835	48
1836	56
1837	50
1838	54
1839	64
1840	42
1841	49
1842	48
1843	54
1844	47
1845	49
1846	56
1847	43
1848	51
1849	62
1850	57
1851	42
1852	57
1853	45
1854	51
1855	62
1856	51
1857	47
1858	48
1859	52
1860	35
1861	49
1862	48
1863	52
1864	52
1865	50
1866	48
1867	42
1868	44
1869	47
1870	44
1871	41
1872	49
1873	35
1874	51
1875	43
1876	54
1877	45
1878	56
1879	44
1880	36
1881	62
1882	35
1883	36
1884	40
1885	43
1886	46
1887	43
1888	42
1889	42
1890	45
1891	46
1892	35
1893	39
1894	42
1895	39
1896	48
1897	44
1898	44
1899	38
1900	41
1901	51
1902	44
1903	36
1904	37
1905	36
1906	33
1907	42
1908	35
1909	32
1910	37
1911	33
1912	29
1913	38
1914	29
1915	44
1916	49
1917	46
1918	43
1919	29
1920	36
1921	43
1922	24
1923	33
1924	38
1925	38
1926	27
1927	33
1928	41
1929	35
1930	32
1931	33
1932	37
1933	29
1934	39
1935	43
1936	31
1937	37
1938	45
1939	48
1940	29
1941	33
1942	30
1943	28
1944	24
1945	29
1946	33
1947	27
1948	37
1949	47
1950	34
1951	30
1952	34
1953	32
1954	33
1955	36
1956	34
1957	33
1958	45
1959	32
1960	32
1961	31
1962	20
1963	39
1964	32
1965	35
1966	29
1967	33
1968	30
1969	27
1970	29
1971	27
1972	23
1973	21
1974	27
1975	23
1976	34
1977	38
1978	32
1979	25
1980	19
1981	30
1982	26
1983	24
1984	29
1985	30
1986	33
1987	29
1988	21
1989	22
1990	32
1991	21
1992	29
1993	24
1994	25
1995	19
1996	24
1997	25
1998	27
1999	33
2000	26
2001	24
2002	20
2003	27
2004	34
2005	18
2006	22
2007	26
2008	18
2009	29
2010	37
2011	23
2012	23
2013	19
2014	18
2015	25
2016	25
2017	29
2018	21
2019	35
2020	20
2021	22
2022	18
2023	22
2024	26
2025	25
2026	29
2027	24
2028	15
2029	25
2030	23
2031	17
2032	22
2033	23
2034	24
2035	26
2036	23
2037	21
2038	30
2039	17
2040	25
2041	19
2042	16
2043	18
2044	28
2045	20
2046	20
2047	18
2048	23
2049	20
2050	32
2051	30
2052	22
2053	20
2054	23
2055	26
2056	31
2057	20
2058	26
2059	17
2060	20
2061	20
2062	22
2063	19
2064	19
2065	15
2066	18
2067	22
2068	27
2069	24
2070	24
2071	19
2072	15
2073	18
2074	22
2075	25
2076	25
2077	25
2078	27
2079	28
2080	20
2081	20
2082	18
2083	17
2084	24
2085	24
2086	20
2087	25
2088	21
2089	18
2090	23
2091	21
2092	13
2093	17
2094	18
2095	25
2096	12
2097	17
2098	17
2099	21
2100	21
2101	15
2102	13
2103	9
2104	22
2105	28
2106	18
2107	25
2108	15
2109	17
2110	19
2111	27
2112	23
2113	13
2114	21
2115	25
2116	20
2117	22
2118	14
2119	14
2120	18
2121	21
2122	20
2123	19
2124	17
2125	20
2126	20
2127	20
2128	21
2129	15
2130	17
2131	22
2132	17
2133	27
2134	18
2135	20
2136	19
2137	26
2138	22
2139	8
2140	15
2141	22
2142	21
2143	19
2144	11
2145	20
2146	20
2147	16
2148	18
2149	16
2150	15
2151	8
2152	21
2153	15
2154	18
2155	23
2156	17
2157	11
2158	11
2159	20
2160	15
2161	14
2162	16
2163	12
2164	17
2165	16
2166	12
2167	17
2168	8
2169	17
2170	17
2171	22
2172	14
2173	10
2174	25
2175	15
2176	13
2177	23
2178	19
2179	16
2180	13
2181	17
2182	11
2183	9
2184	12
2185	19
2186	23
2187	24
2188	14
2189	19
2190	10
2191	11
2192	15
2193	23
2194	12
2195	21
2196	14
2197	19
2198	19
2199	17
2200	17
2201	22
2202	14
2203	13
2204	16
2205	9
2206	18
2207	19
2208	12
2209	14
2210	13
2211	14
2212	16
2213	16
2214	14
2215	21
2216	15
2217	18
2218	6
2219	20
2220	10
2221	11
2222	16
2223	14
2224	10
2225	11
2226	9
2227	13
2228	15
2229	16
2230	20
2231	14
2232	18
2233	15
2234	10
2235	15
2236	12
2237	13
2238	12
2239	14
2240	12
2241	13
2242	14
2243	13
2244	14
2245	15
2246	11
2247	16
2248	19
2249	17
2250	19
2251	21
2252	12
2253	11
2254	12
2255	9
2256	18
2257	10
2258	14
2259	14
2260	19
2261	15
2262	18
2263	18
2264	14
2265	13
2266	21
2267	10
2268	10
2269	20
2270	14
2271	9
2272	12
2273	14
2274	18
2275	17
2276	16
2277	12
2278	18
2279	18
2280	12
2281	21
2282	11
2283	11
2284	15
2285	9
2286	14
2287	14
2288	8
2289	14
2290	18
2291	17
2292	14
2293	14
2294	17
2295	12
2296	14
2297	19
2298	16
2299	18
2300	17
2301	20
2302	5
2303	5
2304	15
2305	15
2306	11
2307	8
2308	17
2309	9
2310	10
2311	19
2312	7
2313	11
2314	10
2315	10
2316	10
2317	14
2318	12
2319	14
2320	11
2321	9
2322	8
2323	8
2324	15
2325	7
2326	10
2327	12
2328	6
2329	10
2330	13
2331	15
2332	11
2333	11
2334	17
2335	10
2336	15
2337	10
2338	15
2339	12
2340	16
2341	10
2342	12
2343	14
2344	19
2345	18
2346	15
2347	14
2348	14
2349	8
2350	14
2351	12
2352	11
2353	6
2354	13
2355	9
2356	9
2357	13
2358	12
2359	11
2360	7
2361	13
2362	16
2363	9
2364	19
2365	14
2366	14
2367	10
2368	10
2369	10
2370	10
2371	15
2372	15
2373	9
2374	13
2375	10
2376	14
2377	13
2378	10
2379	4
2380	11
2381	11
2382	13
2383	14
2384	5
2385	10
2386	14
2387	9
2388	17
2389	16
2390	8
2391	10
2392	10
2393	8
2394	15
2395	6
2396	16
2397	13
2398	11
2399	12
2400	12
2401	12
2402	17
2403	10
2404	10
2405	15
2406	9
2407	10
2408	14
2409	10
2410	12
2411	14
2412	6
2413	6
2414	9
2415	14
2416	15
2417	15
2418	13
2419	9
2420	13
2421	14
2422	4
2423	8
2424	6
2425	12
2426	6
2427	15
2428	14
2429	5
2430	10
2431	13
2432	5
2433	13
2434	15
2435	5
2436	11
2437	11
2438	17
2439	8
2440	12
2441	10
2442	6
2443	11
2444	8
2445	14
2446	11
2447	13
2448	11
2449	18
2450	11
2451	9
2452	19
2453	10
2454	15
2455	8
2456	9
2457	12
2458	14
2459	14
2460	12
2461	11
2462	10
2463	10
2464	14
2465	5
2466	11
2467	7
2468	13
2469	8
2470	11
2471	12
2472	6
2473	11
2474	15
2475	11
2476	11
2477	11
2478	13
2479	9
2480	14
2481	9
2482	6
2483	9
2484	14
2485	10
2486	9
2487	10
2488	8
2489	10
2490	11
2491	8
2492	14
2493	16
2494	14
2495	15
2496	14
2497	6
2498	9
2499	10
2500	13
2501	12
2502	8
2503	5
2504	8
2505	11
2506	13
2507	6
2508	15
2509	8
2510	11
2511	8
2512	11
2513	12
2514	9
2515	12
2516	6
2517	10
2518	13
2519	9
2520	8
2521	13
2522	6
2523	11
2524	12
2525	12
2526	4
2527	8
2528	9
2529	8
2530	9
2531	10
2532	10
2533	8
2534	10
2535	7
2536	18
2537	13
2538	10
2539	10
2540	10
2541	6
2542	11
2543	16
2544	10
2545	12
2546	5
2547	5
2548	18
2549	7
2550	7
2551	9
2552	15
2553	11
2554	9
2555	13
2556	11
2557	10
2558	9
2559	10
2560	9
2561	13
2562	11
2563	9
2564	2
2565	6
2566	10
2567	3
2568	2
2569	10
2570	10
2571	19
2572	12
2573	11
2574	8
2575	11
2576	9
2577	18
2578	6
2579	6
2580	7
2581	12
2582	8
2583	14
2584	13
2585	9
2586	7
2587	7
2588	8
2589	8
2590	9
2591	10
2592	3
2593	7
2594	8
2595	10
2596	14
2597	10
2598	14
2599	11
2600	8
2601	12
2602	10
2603	7
2604	12
2605	7
2606	9
2607	8
2608	5
2609	3
2610	11
2611	7
2612	12
2613	12
2614	5
2615	16
2616	5
2617	8
2618	9
2619	6
2620	13
2621	6
2622	6
2623	9
2624	11
2625	10
2626	13
2627	10
2628	9
2629	10
2630	13
2631	5
2632	6
2633	11
2634	3
2635	9
2636	14
2637	8
2638	13
2639	11
2640	6
2641	7
2642	7
2643	6
2644	2
2645	8
2646	7
2647	11
2648	7
2649	12
2650	9
2651	6
2652	11
2653	11
2654	8
2655	3
2656	9
2657	9
2658	11
2659	8
2660	16
2661	8
2662	9
2663	13
2664	11
2665	11
2666	12
2667	13
2668	8
2669	11
2670	4
2671	8
2672	11
2673	8
2674	10
2675	7
2676	9
2677	11
2678	11
2679	10
2680	8
2681	9
2682	5
2683	6
2684	11
2685	8
2686	13
2687	8
2688	8
2689	10
2690	10
2691	10
2692	14
2693	5
2694	9
2695	10
2696	9
2697	11
2698	6
2699	10
2700	13
2701	11
2702	12
2703	9
2704	12
2705	9
2706	10
2707	7
2708	7
2709	10
2710	11
2711	3
2712	7
2713	10
2714	9
2715	3
2716	10
2717	14
2718	11
2719	12
2720	9
2721	13
2722	9
2723	10
2724	11
2725	12
2726	9
2727	11
2728	18
2729	12
2730	6
2731	13
2732	10
2733	10
2734	8
2735	5
2736	16
2737	8
2738	14
2739	13
2740	8
2741	8
2742	19
2743	9
2744	4
2745	5
2746	6
2747	5
2748	13
2749	11
2750	9
2751	4
2752	7
2753	11
2754	5
2755	4
2756	8
2757	9
2758	5
2759	5
2760	10
2761	4
2762	4
2763	5
2764	9
2765	8
2766	7
2767	10
2768	14
2769	5
2770	3
2771	8
2772	8
2773	10
2774	5
2775	13
2776	9
2777	6
2778	14
2779	8
2780	12
2781	8
2782	8
2783	7
2784	10
2785	5
2786	7
2787	8
2788	7
2789	9
2790	6
2791	9
2792	6
2793	9
2794	9
2795	9
2796	10
2797	10
2798	6
2799	8
2800	7
2801	8
2802	9
2803	10
2804	10
2805	4
2806	8
2807	6
2808	9
2809	6
2810	6
2811	12
2812	11
2813	11
2814	7
2815	2
2816	4
2817	14
2818	8
2819	10
2820	15
2821	5
2822	6
2823	8
2824	7
2825	11
2826	15
2827	6
2828	5
2829	13
2830	8
2831	12
2832	9
2833	6
2834	5
2835	5
2836	7
2837	4
2838	9
2839	8
2840	8
2841	6
2842	8
2843	8
2844	13
2845	8
2846	10
2847	18
2848	5
2849	8
2850	7
2851	8
2852	15
2853	11
2854	7
2855	3
2856	9
2857	9
2858	13
2859	7
2860	6
2861	8
2862	8
2863	5
2864	8
2865	6
2866	4
2867	6
2868	12
2869	8
2870	5
2871	6
2872	7
2873	12
2874	7
2875	7
2876	10
2877	11
2878	6
2879	7
2880	7
2881	18
2882	7
2883	10
2884	8
2885	9
2886	10
2887	6
2888	13
2889	9
2890	7
2891	4
2892	7
2893	11
2894	6
2895	8
2896	11
2897	5
2898	4
2899	7
2900	2
2901	8
2902	7
2903	10
2904	12
2905	7
2906	6
2907	14
2908	12
2909	5
2910	12
2911	9
2912	9
2913	6
2914	7
2915	6
2916	13
2917	5
2918	13
2919	9
2920	7
2921	6
2922	3
2923	9
2924	5
2925	15
2926	5
2927	7
2928	12
2929	4
2930	7
2931	10
2932	7
2933	11
2934	11
2935	10
2936	3
2937	2
2938	6
2939	5
2940	6
2941	8
2942	9
2943	7
2944	7
2945	9
2946	4
2947	7
2948	8
2949	11
2950	7
2951	5
2952	8
2953	7
2954	10
2955	6
2956	8
2957	9
2958	3
2959	2
2960	10
2961	8
2962	6
2963	4
2964	14
2965	7
2966	10
2967	6
2968	7
2969	7
2970	6
2971	6
2972	6
2973	4
2974	11
2975	8
2976	10
2977	7
2978	16
2979	8
2980	11
2981	6
2982	6
2983	8
2984	10
2985	7
2986	7
2987	8
2988	4
2989	12
2990	13
2991	5
2992	4
2993	4
2994	6
2995	11
2996	7
2997	10
2998	6
2999	14
3000	4
3001	5
3002	5
3003	8
3004	7
3005	12
3006	9
3007	7
3008	4
3009	8
3010	2
3011	7
3012	5
3013	9
3014	5
3015	7
3016	12
3017	10
3018	7
3019	5
3020	5
3021	7
3022	5
3023	10
3024	10
3025	11
3026	7
3027	7
3028	6
3029	7
3030	7
3031	5
3032	10
3033	8
3034	10
3035	13
3036	5
3037	6
3038	6
3039	5
3040	13
3041	13
3042	8
3043	4
3044	6
3045	8
3046	5
3047	13
3048	4
3049	6
3050	12
3051	8
3052	5
3053	9
3054	9
3055	6
3056	7
3057	8
3058	4
3059	8
3060	8
3061	7
3062	3
3063	11
3064	14
3065	5
3066	9
3067	2
3068	8
3069	7
3070	7
3071	15
3072	13
3073	7
3074	3
3075	17
3076	9
3077	8
3078	7
3079	5
3080	10
3081	6
3082	7
3083	6
3084	12
3085	8
3086	9
3087	9
3088	13
3089	10
3090	8
3091	7
3092	6
3093	6
3094	9
3095	12
3096	10
3097	8
3098	7
3099	5
3100	9
3101	7
3102	8
3103	5
3104	6
3105	5
3106	6
3107	11
3108	9
3109	11
3110	10
3111	13
3112	7
3113	9
3114	6
3115	6
3116	10
3117	9
3118	12
3119	7
3120	13
3121	8
3122	9
3123	5
3124	9
3125	8
3126	7
3127	3
3128	9
3129	9
3130	7
3131	8
3132	10
3133	8
3134	6
3135	8
3136	6
3137	8
3138	11
3139	9
3140	7
3141	10
3142	7
3143	7
3144	16
3145	7
3146	11
3147	3
3148	14
3149	7
3150	5
3151	13
3152	5
3153	6
3154	8
3155	5
3156	7
3157	7
3158	8
3159	11
3160	8
3161	5
3162	5
3163	9
3164	9
3165	12
3166	12
3167	16
3168	9
3169	10
3170	5
3171	2
3172	6
3173	9
3174	10
3175	9
3176	5
3177	7
3178	4
3179	6
3180	9
3181	8
3182	5
3183	4
3184	8
3185	8
3186	8
3187	5
3188	10
3189	7
3190	10
3191	7
3192	2
3193	7
3194	7
3195	8
3196	5
3197	8
3198	4
3199	10
3200	8
3201	3
3202	5
3203	8
3204	10
3205	7
3206	6
3207	10
3208	3
3209	8
3210	8
3211	12
3212	12
3213	9
3214	10
3215	7
3216	5
3217	3
3218	7
3219	11
3220	5
3221	3
3222	7
3223	8
3224	2
3225	9
3226	11
3227	6
3228	3
3229	5
3230	7
3231	2
3232	8
3233	8
3234	7
3235	13
3236	13
3237	5
3238	11
3239	6
3240	10
3241	8
3242	11
3243	4
3244	6
3245	6
3246	6
3247	7
3248	10
3249	7
3250	6
3251	5
3252	8
3253	4
3254	7
3255	2
3256	5
3257	9
3258	14
3259	7
3260	3
3261	6
3262	11
3263	9
3264	2
3265	5
3266	10
3267	12
3268	5
3269	2
3270	8
3271	2
3272	7
3273	8
3274	7
3275	6
3276	7
3277	7
3278	4
3279	6
3280	5
3281	7
3282	6
3283	13
3284	7
3285	6
3286	5
3287	3
3288	7
3289	8
3290	5
3291	7
3292	12
3293	7
3294	7
3295	8
3296	6
3297	3
3298	10
3299	10
3300	7
3301	3
3302	6
3303	7
3304	7
3305	7
3306	5
3307	5
3308	6
3309	6
3310	9
3311	9
3312	7
3313	10
3314	12
3315	7
3316	3
3317	11
3318	4
3319	7
3320	8
3321	7
3322	7
3323	7
3324	4
3325	9
3326	6
3327	5
3328	5
3329	7
3330	7
3331	11
3332	10
3333	3
3334	5
3335	2
3336	4
3337	5
3338	10
3339	11
3340	5
3341	6
3342	6
3343	9
3344	9
3345	7
3346	7
3347	11
3348	8
3349	6
3350	6
3351	8
3352	12
3353	7
3354	4
3355	7
3356	9
3357	8
3358	6
3359	11
3360	4
3361	4
3362	5
3363	1
3364	4
3365	8
3366	8
3367	6
3368	10
3369	8
3370	11
3371	10
3372	7
3373	3
3374	3
3375	0
3376	6
3377	8
3378	5
3379	8
3380	9
3381	10
3382	9
3383	5
3384	7
3385	4
3386	4
3387	4
3388	9
3389	9
3390	11
3391	10
3392	9
3393	2
3394	11
3395	6
3396	6
3397	9
3398	8
3399	13
3400	8
3401	2
3402	7
3403	2
3404	5
3405	8
3406	4
3407	9
3408	10
3409	11
3410	11
3411	4
3412	8
3413	5
3414	5
3415	8
3416	7
3417	13
3418	4
3419	8
3420	8
3421	12
3422	6
3423	3
3424	3
3425	6
3426	7
3427	7
3428	10
3429	16
3430	5
3431	6
3432	7
3433	4
3434	8
3435	7
3436	7
3437	9
3438	5
3439	4
3440	3
3441	9
3442	6
3443	6
3444	3
3445	7
3446	9
3447	6
3448	4
3449	4
3450	7
3451	1
3452	5
3453	7
3454	5
3455	10
3456	9
3457	7
3458	9
3459	7
3460	10
3461	9
3462	7
3463	10
3464	3
3465	4
3466	8
3467	2
3468	6
3469	6
3470	7
3471	7
3472	7
3473	7
3474	7
3475	4
3476	8
3477	2
3478	11
3479	7
3480	4
3481	3
3482	11
3483	7
3484	9
3485	6
3486	6
3487	8
3488	12
3489	5
3490	6
3491	7
3492	8
3493	3
3494	1
3495	5
3496	6
3497	8
3498	6
3499	6
3500	8
3501	3
3502	2
3503	5
3504	12
3505	10
3506	7
3507	5
3508	10
3509	7
3510	10
3511	6
3512	4
3513	7
3514	7
3515	6
3516	7
3517	6
3518	5
3519	4
3520	10
3521	3
3522	4
3523	6
3524	8
3525	3
3526	6
3527	8
3528	3
3529	8
3530	3
3531	12
3532	7
3533	3
3534	8
3535	6
3536	2
3537	8
3538	9
3539	4
3540	5
3541	8
3542	8
3543	3
3544	7
3545	7
3546	7
3547	6
3548	5
3549	7
3550	6
3551	4
3552	3
3553	6
3554	4
3555	5
3556	6
3557	7
3558	5
3559	5
3560	2
3561	9
3562	6
3563	5
3564	5
3565	8
3566	5
3567	4
3568	6
3569	6
3570	4
3571	3
3572	4
3573	8
3574	2
3575	8
3576	4
3577	8
3578	10
3579	3
3580	4
3581	1
3582	2
3583	3
3584	6
3585	7
3586	10
3587	7
3588	5
3589	3
3590	7
3591	5
3592	5
3593	3
3594	5
3595	4
3596	7
3597	5
3598	8
3599	2
3600	4
3601	8
3602	2
3603	7
3604	8
3605	5
3606	3
3607	3
3608	3
3609	4
3610	3
3611	2
3612	4
3613	3
3614	6
3615	7
3616	4
3617	4
3618	5
3619	4
3620	8
3621	5
3622	7
3623	1
3624	3
3625	4
3626	8
3627	2
3628	0
3629	5
3630	8
3631	3
3632	6
3633	4
3634	3
3635	7
3636	3
3637	6
3638	3
3639	5
3640	2
3641	3
3642	2
3643	11
3644	5
3645	5
3646	6
3647	6
3648	3
3649	11
3650	2
3651	2
3652	3
3653	6
3654	3
3655	5
3656	6
3657	4
3658	6
3659	2
3660	10
3661	4
3662	4
3663	4
3664	5
3665	9
3666	8
3667	8
3668	6
3669	9
3670	5
3671	6
3672	8
3673	7
3674	7
3675	6
3676	5
3677	9
3678	7
3679	3
3680	6
3681	5
3682	4
3683	6
3684	5
3685	4
3686	3
3687	5
3688	8
3689	4
3690	11
3691	2
3692	5
3693	0
3694	3
3695	2
3696	9
3697	2
3698	7
3699	9
3700	0
3701	3
3702	6
3703	5
3704	3
3705	3
3706	3
3707	8
3708	1
3709	5
3710	4
3711	6
3712	4
3713	6
3714	5
3715	4
3716	4
3717	5
3718	4
3719	7
3720	6
3721	2
3722	7
3723	7
3724	2
3725	7
3726	3
3727	8
3728	6
3729	8
3730	1
3731	2
3732	2
3733	6
3734	9
3735	9
3736	2
3737	4
3738	4
3739	5
3740	7
3741	4
3742	7
3743	4
3744	2
3745	7
3746	5
3747	5
3748	5
3749	4
3750	7
3751	5
3752	3
3753	6
3754	7
3755	6
3756	2
3757	4
3758	2
3759	5
3760	2
3761	3
3762	3
3763	6
3764	3
3765	8
3766	2
3767	3
3768	4
3769	7
3770	5
3771	8
3772	4
3773	4
3774	6
3775	3
3776	1
3777	7
3778	2
3779	5
3780	10
3781	4
3782	1
3783	7
3784	5
3785	4
3786	3
3787	5
3788	3
3789	1
3790	6
3791	0
3792	5
3793	3
3794	6
3795	7
3796	3
3797	6
3798	6
3799	7
3800	4
3801	5
3802	1
3803	3
3804	2
3805	7
3806	1
3807	5
3808	4
3809	3
3810	5
3811	9
3812	1
3813	2
3814	3
3815	3
3816	2
3817	5
3818	3
3819	6
3820	5
3821	6
3822	3
3823	8
3824	2
3825	4
3826	3
3827	6
3828	5
3829	2
3830	3
3831	1
3832	5
3833	8
3834	1
3835	1
3836	2
3837	4
3838	1
3839	6
3840	4
3841	10
3842	8
3843	1
3844	5
3845	4
3846	7
3847	2
3848	4
3849	5
3850	5
3851	5
3852	5
3853	2
3854	3
3855	3
3856	3
3857	7
3858	1
3859	6
3860	9
3861	1
3862	4
3863	3
3864	2
3865	2
3866	3
3867	8
3868	3
3869	4
3870	3
3871	1
3872	1
3873	1
3874	3
3875	5
3876	4
3877	0
3878	2
3879	1
3880	2
3881	2
3882	2
3883	0
3884	4
3885	4
3886	4
3887	10
3888	3
3889	2
3890	4
3891	2
3892	2
3893	4
3894	4
3895	8
3896	0
3897	0
3898	0
3899	0
3900	0
3901	0
3902	0
3903	0
3904	0
3905	0
3906	0
3907	0
3908	0
3909	0
3910	0
3911	0
3912	0
3913	0
3914	0
3915	0
3916	0
3917	0
3918	0
3919	0
3920	0
3921	0
3922	0
3923	0
3924	0
3925	0
3926	0
3927	0
3928	0
3929	0
3930	0
3931	0
3932	0
3933	0
3934	0
3935	0
3936	0
3937	0
3938	0
3939	0
3940	0
3941	0
3942	0
3943	0
3944	0
3945	0
3946	0
3947	0
3948	0
3949	0
3950	0
3951	0
3952	0
3953	0
3954	0
3955	0
3956	0
3957	0
3958	0
3959	0
3960	0
3961	0
3962	0
3963	0
3964	0
3965	0
3966	0
3967	0
3968	0
3969	0
3970	0
3971	0
3972	0
3973	0
3974	0
3975	0
3976	0
3977	0
3978	0
3979	0
3980	0
3981	0
3982	0
3983	0
3984	0
3985	0
3986	0
3987	0
3988	0
3989	0
3990	0
3991	0
3992	0
3993	0
3994	0
3995	0
3996	0
3997	0
3998	0
3999	0
4000	0
4001	0
4002	0
4003	0
4004	0
4005	0
4006	0
4007	0
4008	0
4009	0
4010	0
4011	0
4012	0
4013	0
4014	0
4015	0
4016	0
4017	0
4018	0
4019	0
4020	0
4021	0
4022	0
4023	0
4024	0
4025	0
4026	0
4027	0
4028	0
4029	0
4030	0
4031	0
4032	0
4033	0
4034	0
4035	0
4036	0
4037	0
4038	0
4039	0
4040	0
4041	0
4042	0
4043	0
4044	0
4045	0
4046	0
4047	0
4048	0
4049	0
4050	0
4051	0
4052	0
4053	0
4054	0
4055	0
4056	0
4057	0
4058	0
4059	0
4060	0
4061	0
4062	0
4063	0
4064	0
4065	0
4066	0
4067	0
4068	0
4069	0
4070	0
4071	0
4072	0
4073	0
4074	0
4075	0
4076	0
4077	0
4078	0
4079	0
4080	0
4081	0
4082	0
4083	0
4084	0
4085	0
4086	0
4087	0
4088	0
4089	0
4090	0
4091	0
4092	0
4093	0
4094	0
4095	0
4096	0
