Item name: G-Factor HH

Real time: 10
Live time: 0
Time calibration: 2.743484E-02ns/ch

Comment: 


Chan	Data
1	0
2	0
3	0
4	0
5	0
6	0
7	0
8	0
9	0
10	0
11	0
12	0
13	0
14	0
15	0
16	0
17	0
18	0
19	0
20	0
21	0
22	0
23	0
24	0
25	0
26	0
27	0
28	0
29	0
30	0
31	0
32	0
33	0
34	0
35	0
36	0
37	0
38	0
39	0
40	0
41	0
42	0
43	0
44	0
45	0
46	0
47	0
48	0
49	0
50	0
51	0
52	0
53	0
54	0
55	0
56	0
57	0
58	0
59	0
60	0
61	0
62	0
63	0
64	0
65	0
66	0
67	0
68	0
69	0
70	0
71	0
72	0
73	0
74	0
75	0
76	0
77	0
78	0
79	0
80	0
81	0
82	0
83	0
84	0
85	0
86	0
87	0
88	0
89	0
90	0
91	0
92	0
93	0
94	0
95	0
96	0
97	0
98	0
99	0
100	0
101	0
102	0
103	0
104	0
105	0
106	0
107	0
108	0
109	0
110	0
111	0
112	0
113	0
114	0
115	0
116	0
117	0
118	0
119	0
120	0
121	0
122	0
123	0
124	0
125	0
126	0
127	0
128	0
129	0
130	0
131	0
132	0
133	0
134	0
135	0
136	0
137	0
138	0
139	0
140	0
141	0
142	0
143	0
144	0
145	0
146	0
147	0
148	0
149	0
150	0
151	0
152	0
153	0
154	0
155	0
156	0
157	0
158	0
159	0
160	0
161	0
162	0
163	0
164	0
165	0
166	0
167	0
168	0
169	0
170	0
171	0
172	0
173	0
174	0
175	0
176	0
177	0
178	0
179	0
180	0
181	0
182	0
183	0
184	0
185	0
186	0
187	0
188	0
189	0
190	0
191	0
192	0
193	0
194	0
195	0
196	0
197	0
198	0
199	0
200	0
201	0
202	0
203	4
204	8
205	6
206	11
207	5
208	7
209	6
210	10
211	5
212	5
213	10
214	4
215	5
216	8
217	4
218	5
219	5
220	9
221	3
222	1
223	8
224	9
225	4
226	6
227	7
228	7
229	9
230	10
231	9
232	14
233	7
234	1
235	3
236	7
237	6
238	3
239	5
240	5
241	3
242	7
243	9
244	3
245	8
246	6
247	7
248	5
249	8
250	6
251	3
252	7
253	9
254	3
255	4
256	3
257	6
258	7
259	5
260	6
261	4
262	9
263	7
264	8
265	5
266	4
267	4
268	8
269	8
270	2
271	5
272	6
273	7
274	3
275	4
276	7
277	8
278	6
279	4
280	9
281	6
282	2
283	7
284	9
285	8
286	9
287	6
288	3
289	4
290	8
291	4
292	8
293	7
294	4
295	5
296	6
297	6
298	9
299	9
300	4
301	5
302	5
303	3
304	8
305	7
306	10
307	8
308	5
309	7
310	3
311	7
312	8
313	1
314	12
315	3
316	7
317	10
318	6
319	8
320	6
321	7
322	8
323	7
324	8
325	5
326	3
327	5
328	5
329	9
330	3
331	1
332	6
333	2
334	3
335	4
336	5
337	4
338	3
339	4
340	0
341	2
342	4
343	6
344	10
345	3
346	7
347	9
348	6
349	6
350	8
351	8
352	7
353	6
354	3
355	3
356	8
357	2
358	8
359	6
360	6
361	8
362	11
363	5
364	11
365	6
366	5
367	4
368	6
369	12
370	5
371	7
372	4
373	8
374	4
375	6
376	2
377	3
378	8
379	5
380	5
381	7
382	6
383	6
384	6
385	2
386	6
387	6
388	1
389	3
390	8
391	2
392	9
393	7
394	6
395	7
396	2
397	5
398	5
399	5
400	6
401	5
402	8
403	8
404	10
405	7
406	5
407	6
408	8
409	4
410	5
411	10
412	8
413	8
414	1
415	8
416	4
417	3
418	8
419	4
420	5
421	4
422	5
423	7
424	7
425	5
426	3
427	2
428	9
429	12
430	8
431	2
432	8
433	5
434	5
435	3
436	6
437	5
438	8
439	11
440	7
441	4
442	4
443	5
444	4
445	4
446	4
447	5
448	4
449	11
450	4
451	9
452	6
453	7
454	3
455	6
456	2
457	4
458	3
459	3
460	3
461	10
462	8
463	6
464	6
465	3
466	3
467	8
468	4
469	3
470	4
471	5
472	3
473	1
474	7
475	7
476	6
477	10
478	5
479	3
480	4
481	7
482	4
483	7
484	3
485	9
486	7
487	10
488	1
489	5
490	12
491	12
492	5
493	4
494	5
495	5
496	5
497	3
498	9
499	2
500	4
501	3
502	6
503	2
504	7
505	7
506	8
507	10
508	9
509	7
510	4
511	3
512	8
513	6
514	5
515	1
516	10
517	5
518	9
519	10
520	6
521	7
522	2
523	6
524	5
525	4
526	5
527	5
528	6
529	6
530	3
531	8
532	5
533	10
534	7
535	6
536	7
537	10
538	7
539	2
540	5
541	2
542	5
543	9
544	11
545	8
546	0
547	6
548	13
549	10
550	8
551	5
552	5
553	4
554	9
555	7
556	7
557	6
558	8
559	5
560	7
561	7
562	9
563	7
564	6
565	1
566	5
567	9
568	4
569	6
570	6
571	2
572	0
573	4
574	4
575	8
576	8
577	8
578	6
579	5
580	7
581	7
582	1
583	6
584	5
585	8
586	5
587	7
588	9
589	4
590	6
591	8
592	10
593	3
594	6
595	10
596	1
597	5
598	7
599	7
600	8
601	5
602	6
603	7
604	4
605	1
606	7
607	4
608	5
609	9
610	7
611	6
612	3
613	2
614	7
615	3
616	4
617	6
618	6
619	6
620	5
621	8
622	8
623	5
624	9
625	4
626	2
627	4
628	3
629	3
630	5
631	4
632	4
633	3
634	6
635	7
636	4
637	5
638	12
639	9
640	9
641	4
642	3
643	9
644	2
645	8
646	6
647	9
648	9
649	6
650	5
651	12
652	5
653	5
654	2
655	3
656	8
657	4
658	9
659	2
660	4
661	9
662	8
663	8
664	8
665	0
666	7
667	6
668	6
669	4
670	3
671	4
672	6
673	7
674	7
675	8
676	4
677	8
678	6
679	6
680	12
681	5
682	2
683	5
684	6
685	3
686	9
687	7
688	6
689	5
690	5
691	7
692	1
693	5
694	6
695	6
696	4
697	5
698	7
699	5
700	2
701	2
702	8
703	1
704	2
705	2
706	3
707	7
708	5
709	6
710	6
711	9
712	2
713	6
714	7
715	6
716	13
717	4
718	9
719	6
720	3
721	1
722	7
723	4
724	9
725	4
726	2
727	8
728	6
729	4
730	4
731	8
732	9
733	3
734	8
735	10
736	7
737	6
738	9
739	8
740	6
741	5
742	5
743	5
744	6
745	7
746	5
747	9
748	2
749	3
750	10
751	5
752	5
753	10
754	3
755	7
756	5
757	6
758	4
759	4
760	6
761	4
762	4
763	3
764	2
765	7
766	3
767	8
768	4
769	10
770	12
771	8
772	10
773	5
774	2
775	10
776	5
777	5
778	4
779	6
780	5
781	5
782	6
783	6
784	5
785	5
786	3
787	2
788	8
789	4
790	9
791	9
792	6
793	4
794	3
795	1
796	6
797	10
798	4
799	6
800	7
801	5
802	10
803	5
804	3
805	9
806	7
807	5
808	3
809	5
810	4
811	3
812	5
813	3
814	5
815	3
816	6
817	6
818	4
819	5
820	12
821	6
822	2
823	4
824	4
825	8
826	10
827	5
828	6
829	2
830	8
831	1
832	3
833	4
834	4
835	6
836	6
837	3
838	6
839	6
840	6
841	8
842	8
843	7
844	4
845	5
846	4
847	9
848	10
849	9
850	3
851	8
852	7
853	5
854	6
855	1
856	2
857	6
858	7
859	7
860	7
861	4
862	5
863	10
864	8
865	7
866	4
867	2
868	5
869	4
870	2
871	5
872	4
873	6
874	5
875	6
876	4
877	6
878	7
879	6
880	7
881	3
882	5
883	7
884	6
885	2
886	6
887	8
888	5
889	5
890	6
891	3
892	4
893	4
894	4
895	5
896	2
897	1
898	6
899	5
900	6
901	10
902	3
903	6
904	4
905	4
906	3
907	4
908	6
909	3
910	9
911	4
912	10
913	7
914	11
915	7
916	8
917	5
918	3
919	4
920	6
921	5
922	7
923	8
924	7
925	9
926	5
927	7
928	5
929	7
930	10
931	7
932	0
933	5
934	11
935	2
936	3
937	7
938	4
939	6
940	4
941	4
942	7
943	4
944	6
945	4
946	8
947	3
948	6
949	5
950	7
951	2
952	4
953	6
954	2
955	7
956	8
957	4
958	6
959	4
960	7
961	6
962	3
963	7
964	7
965	7
966	3
967	4
968	5
969	6
970	6
971	3
972	9
973	5
974	3
975	1
976	5
977	4
978	9
979	6
980	6
981	4
982	9
983	4
984	1
985	5
986	4
987	8
988	3
989	5
990	4
991	2
992	9
993	2
994	3
995	4
996	4
997	3
998	4
999	8
1000	7
1001	7
1002	4
1003	9
1004	6
1005	6
1006	18
1007	11
1008	22
1009	20
1010	23
1011	41
1012	93
1013	213
1014	446
1015	861
1016	1419
1017	2379
1018	3390
1019	4416
1020	5732
1021	6742
1022	7858
1023	8651
1024	9246
1025	9730
1026	10339
1027	10699
1028	10895
1029	11182
1030	11454
1031	11359
1032	11489
1033	11706
1034	11857
1035	11677
1036	12070
1037	11874
1038	12155
1039	11987
1040	11932
1041	11653
1042	12077
1043	11732
1044	11725
1045	11701
1046	11560
1047	11611
1048	11414
1049	11581
1050	11300
1051	11519
1052	11315
1053	11158
1054	11230
1055	11110
1056	11224
1057	10909
1058	11021
1059	11030
1060	11022
1061	10821
1062	10763
1063	10653
1064	10545
1065	10761
1066	10433
1067	10449
1068	10494
1069	10521
1070	10371
1071	10218
1072	10486
1073	10227
1074	9989
1075	10126
1076	10055
1077	10113
1078	9976
1079	9825
1080	9707
1081	9629
1082	9657
1083	9647
1084	9461
1085	9460
1086	9322
1087	9408
1088	9260
1089	9316
1090	9365
1091	9139
1092	9135
1093	9123
1094	9145
1095	8929
1096	8917
1097	8825
1098	8747
1099	8776
1100	8602
1101	8557
1102	8512
1103	8517
1104	8467
1105	8298
1106	8196
1107	8087
1108	8220
1109	8250
1110	8124
1111	8026
1112	7960
1113	7854
1114	7696
1115	7875
1116	7786
1117	7741
1118	7641
1119	7415
1120	7499
1121	7449
1122	7505
1123	7502
1124	7240
1125	7278
1126	7188
1127	7210
1128	7173
1129	7088
1130	6972
1131	7188
1132	7042
1133	7049
1134	6861
1135	6919
1136	6732
1137	6833
1138	6797
1139	6680
1140	6580
1141	6511
1142	6535
1143	6572
1144	6595
1145	6396
1146	6418
1147	6409
1148	6231
1149	6382
1150	6276
1151	6213
1152	6271
1153	6179
1154	6110
1155	5937
1156	5992
1157	5850
1158	5846
1159	5813
1160	5870
1161	5666
1162	5713
1163	5620
1164	5629
1165	5563
1166	5610
1167	5422
1168	5426
1169	5444
1170	5515
1171	5454
1172	5349
1173	5198
1174	5301
1175	5194
1176	5145
1177	5228
1178	5091
1179	5144
1180	5007
1181	5070
1182	5027
1183	4949
1184	4928
1185	4895
1186	4717
1187	4931
1188	4754
1189	4636
1190	4701
1191	4738
1192	4720
1193	4740
1194	4591
1195	4699
1196	4543
1197	4507
1198	4518
1199	4481
1200	4452
1201	4502
1202	4396
1203	4361
1204	4374
1205	4368
1206	4292
1207	4240
1208	4122
1209	4249
1210	4220
1211	4089
1212	4185
1213	3987
1214	3992
1215	3959
1216	3930
1217	3940
1218	3886
1219	3775
1220	3912
1221	3848
1222	3895
1223	3889
1224	3739
1225	3673
1226	3697
1227	3790
1228	3654
1229	3603
1230	3593
1231	3585
1232	3617
1233	3542
1234	3548
1235	3527
1236	3523
1237	3455
1238	3448
1239	3499
1240	3422
1241	3339
1242	3361
1243	3332
1244	3259
1245	3262
1246	3312
1247	3234
1248	3258
1249	3159
1250	3156
1251	3083
1252	3091
1253	3091
1254	3086
1255	3109
1256	3095
1257	3026
1258	2970
1259	2933
1260	3071
1261	2930
1262	2953
1263	2880
1264	2844
1265	2801
1266	2950
1267	2801
1268	2790
1269	2770
1270	2728
1271	2719
1272	2795
1273	2677
1274	2796
1275	2703
1276	2726
1277	2674
1278	2623
1279	2651
1280	2637
1281	2545
1282	2578
1283	2508
1284	2497
1285	2486
1286	2446
1287	2445
1288	2444
1289	2368
1290	2423
1291	2520
1292	2408
1293	2384
1294	2379
1295	2367
1296	2422
1297	2391
1298	2341
1299	2265
1300	2212
1301	2258
1302	2175
1303	2249
1304	2326
1305	2186
1306	2170
1307	2240
1308	2182
1309	2130
1310	2123
1311	2060
1312	2052
1313	2085
1314	2092
1315	2106
1316	2101
1317	2047
1318	1945
1319	2022
1320	1976
1321	1910
1322	2043
1323	1964
1324	1905
1325	1965
1326	1868
1327	1914
1328	1891
1329	1853
1330	1903
1331	1882
1332	1794
1333	1873
1334	1832
1335	1762
1336	1798
1337	1776
1338	1744
1339	1820
1340	1795
1341	1710
1342	1686
1343	1731
1344	1690
1345	1708
1346	1694
1347	1659
1348	1649
1349	1597
1350	1632
1351	1619
1352	1556
1353	1585
1354	1592
1355	1592
1356	1672
1357	1568
1358	1522
1359	1558
1360	1443
1361	1517
1362	1461
1363	1464
1364	1512
1365	1481
1366	1460
1367	1439
1368	1515
1369	1366
1370	1456
1371	1463
1372	1369
1373	1365
1374	1453
1375	1406
1376	1357
1377	1392
1378	1444
1379	1397
1380	1360
1381	1313
1382	1314
1383	1311
1384	1263
1385	1322
1386	1245
1387	1219
1388	1333
1389	1280
1390	1300
1391	1235
1392	1275
1393	1290
1394	1204
1395	1221
1396	1232
1397	1195
1398	1176
1399	1131
1400	1225
1401	1208
1402	1195
1403	1171
1404	1073
1405	1202
1406	1111
1407	1107
1408	1062
1409	1067
1410	1065
1411	1140
1412	1094
1413	1098
1414	1024
1415	1026
1416	1068
1417	1027
1418	1012
1419	1023
1420	1031
1421	1054
1422	982
1423	1063
1424	1047
1425	984
1426	1017
1427	1012
1428	929
1429	1030
1430	964
1431	961
1432	986
1433	916
1434	955
1435	942
1436	952
1437	928
1438	901
1439	899
1440	923
1441	889
1442	863
1443	899
1444	900
1445	891
1446	872
1447	857
1448	798
1449	834
1450	796
1451	784
1452	821
1453	863
1454	816
1455	841
1456	864
1457	835
1458	838
1459	794
1460	789
1461	816
1462	755
1463	756
1464	819
1465	752
1466	746
1467	794
1468	766
1469	738
1470	764
1471	717
1472	731
1473	749
1474	751
1475	717
1476	702
1477	754
1478	685
1479	720
1480	689
1481	709
1482	741
1483	687
1484	659
1485	687
1486	676
1487	704
1488	645
1489	694
1490	677
1491	678
1492	650
1493	653
1494	673
1495	638
1496	596
1497	636
1498	680
1499	648
1500	621
1501	610
1502	612
1503	626
1504	607
1505	565
1506	581
1507	636
1508	603
1509	589
1510	627
1511	569
1512	602
1513	565
1514	568
1515	575
1516	547
1517	490
1518	564
1519	565
1520	529
1521	531
1522	558
1523	530
1524	573
1525	526
1526	531
1527	539
1528	501
1529	509
1530	554
1531	495
1532	531
1533	496
1534	469
1535	518
1536	507
1537	512
1538	493
1539	466
1540	473
1541	502
1542	455
1543	431
1544	468
1545	489
1546	480
1547	459
1548	471
1549	446
1550	428
1551	460
1552	455
1553	437
1554	450
1555	435
1556	406
1557	469
1558	449
1559	469
1560	415
1561	412
1562	438
1563	401
1564	386
1565	384
1566	422
1567	434
1568	424
1569	396
1570	421
1571	410
1572	398
1573	413
1574	392
1575	361
1576	362
1577	409
1578	402
1579	370
1580	403
1581	354
1582	368
1583	405
1584	332
1585	379
1586	371
1587	354
1588	358
1589	352
1590	352
1591	333
1592	343
1593	361
1594	355
1595	341
1596	321
1597	360
1598	379
1599	348
1600	343
1601	328
1602	332
1603	327
1604	310
1605	302
1606	321
1607	279
1608	316
1609	322
1610	279
1611	330
1612	326
1613	343
1614	307
1615	310
1616	307
1617	264
1618	287
1619	301
1620	324
1621	291
1622	280
1623	286
1624	299
1625	303
1626	279
1627	292
1628	282
1629	262
1630	274
1631	313
1632	283
1633	279
1634	280
1635	264
1636	259
1637	266
1638	280
1639	292
1640	261
1641	263
1642	298
1643	246
1644	254
1645	256
1646	239
1647	258
1648	217
1649	236
1650	249
1651	268
1652	243
1653	250
1654	237
1655	232
1656	242
1657	224
1658	235
1659	221
1660	253
1661	234
1662	227
1663	212
1664	226
1665	262
1666	216
1667	222
1668	245
1669	248
1670	182
1671	224
1672	229
1673	220
1674	214
1675	205
1676	229
1677	217
1678	198
1679	196
1680	203
1681	203
1682	221
1683	228
1684	203
1685	216
1686	197
1687	198
1688	168
1689	195
1690	213
1691	217
1692	190
1693	195
1694	166
1695	203
1696	189
1697	193
1698	186
1699	183
1700	191
1701	170
1702	185
1703	174
1704	161
1705	193
1706	175
1707	171
1708	188
1709	167
1710	179
1711	173
1712	143
1713	147
1714	163
1715	166
1716	162
1717	168
1718	193
1719	170
1720	137
1721	172
1722	146
1723	177
1724	157
1725	162
1726	161
1727	159
1728	146
1729	132
1730	161
1731	155
1732	151
1733	145
1734	148
1735	131
1736	163
1737	149
1738	144
1739	161
1740	165
1741	139
1742	128
1743	135
1744	150
1745	136
1746	140
1747	135
1748	142
1749	128
1750	158
1751	153
1752	147
1753	119
1754	135
1755	128
1756	134
1757	141
1758	136
1759	116
1760	136
1761	116
1762	118
1763	130
1764	125
1765	118
1766	120
1767	123
1768	134
1769	129
1770	129
1771	129
1772	123
1773	108
1774	122
1775	130
1776	117
1777	116
1778	119
1779	111
1780	135
1781	126
1782	125
1783	129
1784	122
1785	116
1786	116
1787	113
1788	109
1789	109
1790	121
1791	100
1792	107
1793	116
1794	84
1795	102
1796	117
1797	104
1798	114
1799	111
1800	102
1801	86
1802	91
1803	98
1804	96
1805	78
1806	102
1807	105
1808	110
1809	86
1810	104
1811	105
1812	94
1813	110
1814	105
1815	104
1816	95
1817	95
1818	112
1819	98
1820	86
1821	88
1822	98
1823	93
1824	79
1825	88
1826	77
1827	99
1828	81
1829	90
1830	101
1831	92
1832	64
1833	89
1834	102
1835	85
1836	80
1837	87
1838	86
1839	72
1840	89
1841	81
1842	87
1843	75
1844	72
1845	75
1846	71
1847	74
1848	84
1849	75
1850	80
1851	78
1852	85
1853	89
1854	89
1855	71
1856	82
1857	59
1858	92
1859	73
1860	74
1861	86
1862	70
1863	89
1864	72
1865	82
1866	83
1867	83
1868	61
1869	89
1870	69
1871	67
1872	62
1873	73
1874	76
1875	74
1876	69
1877	74
1878	67
1879	72
1880	57
1881	78
1882	66
1883	66
1884	72
1885	72
1886	56
1887	75
1888	65
1889	62
1890	82
1891	76
1892	76
1893	64
1894	78
1895	72
1896	71
1897	67
1898	74
1899	72
1900	61
1901	67
1902	62
1903	61
1904	54
1905	55
1906	63
1907	65
1908	75
1909	70
1910	64
1911	59
1912	70
1913	64
1914	56
1915	69
1916	67
1917	67
1918	64
1919	65
1920	56
1921	56
1922	67
1923	64
1924	61
1925	48
1926	53
1927	60
1928	47
1929	58
1930	54
1931	57
1932	49
1933	53
1934	55
1935	55
1936	63
1937	68
1938	69
1939	59
1940	49
1941	52
1942	36
1943	53
1944	58
1945	56
1946	68
1947	56
1948	48
1949	46
1950	47
1951	53
1952	51
1953	50
1954	48
1955	59
1956	47
1957	58
1958	57
1959	49
1960	43
1961	54
1962	55
1963	50
1964	45
1965	66
1966	39
1967	53
1968	47
1969	47
1970	40
1971	38
1972	39
1973	40
1974	46
1975	37
1976	37
1977	46
1978	40
1979	49
1980	41
1981	43
1982	45
1983	45
1984	51
1985	35
1986	45
1987	43
1988	37
1989	36
1990	36
1991	46
1992	49
1993	42
1994	37
1995	46
1996	30
1997	31
1998	45
1999	43
2000	36
2001	53
2002	35
2003	40
2004	44
2005	40
2006	38
2007	51
2008	37
2009	45
2010	40
2011	38
2012	45
2013	39
2014	42
2015	42
2016	47
2017	40
2018	32
2019	42
2020	31
2021	38
2022	33
2023	36
2024	30
2025	29
2026	41
2027	36
2028	32
2029	32
2030	39
2031	37
2032	38
2033	36
2034	36
2035	48
2036	32
2037	40
2038	37
2039	39
2040	31
2041	34
2042	35
2043	37
2044	26
2045	33
2046	31
2047	35
2048	43
2049	28
2050	37
2051	36
2052	41
2053	32
2054	35
2055	33
2056	30
2057	37
2058	37
2059	24
2060	22
2061	29
2062	35
2063	35
2064	36
2065	33
2066	34
2067	34
2068	32
2069	27
2070	30
2071	33
2072	24
2073	31
2074	31
2075	34
2076	42
2077	33
2078	27
2079	32
2080	29
2081	40
2082	15
2083	31
2084	25
2085	30
2086	24
2087	43
2088	29
2089	28
2090	30
2091	36
2092	25
2093	25
2094	21
2095	30
2096	29
2097	32
2098	28
2099	28
2100	19
2101	35
2102	30
2103	26
2104	27
2105	25
2106	22
2107	27
2108	32
2109	26
2110	27
2111	34
2112	26
2113	28
2114	30
2115	23
2116	34
2117	26
2118	24
2119	30
2120	32
2121	26
2122	29
2123	18
2124	29
2125	27
2126	27
2127	28
2128	23
2129	24
2130	26
2131	23
2132	20
2133	21
2134	27
2135	37
2136	21
2137	24
2138	26
2139	19
2140	29
2141	21
2142	31
2143	20
2144	23
2145	27
2146	22
2147	21
2148	16
2149	23
2150	27
2151	22
2152	20
2153	25
2154	22
2155	14
2156	24
2157	23
2158	25
2159	26
2160	28
2161	23
2162	28
2163	22
2164	19
2165	19
2166	20
2167	23
2168	10
2169	25
2170	16
2171	16
2172	26
2173	26
2174	21
2175	17
2176	24
2177	15
2178	23
2179	26
2180	25
2181	22
2182	25
2183	18
2184	20
2185	18
2186	16
2187	22
2188	28
2189	12
2190	12
2191	24
2192	22
2193	16
2194	26
2195	21
2196	26
2197	20
2198	20
2199	24
2200	17
2201	26
2202	24
2203	30
2204	16
2205	25
2206	15
2207	24
2208	22
2209	16
2210	23
2211	16
2212	21
2213	16
2214	22
2215	21
2216	24
2217	12
2218	14
2219	22
2220	22
2221	26
2222	11
2223	24
2224	22
2225	19
2226	21
2227	20
2228	21
2229	28
2230	20
2231	30
2232	17
2233	15
2234	15
2235	25
2236	14
2237	23
2238	21
2239	20
2240	18
2241	16
2242	27
2243	24
2244	20
2245	26
2246	22
2247	23
2248	14
2249	11
2250	19
2251	14
2252	22
2253	21
2254	18
2255	22
2256	14
2257	15
2258	17
2259	21
2260	18
2261	22
2262	19
2263	20
2264	26
2265	14
2266	16
2267	20
2268	17
2269	9
2270	20
2271	13
2272	14
2273	24
2274	16
2275	14
2276	16
2277	15
2278	17
2279	20
2280	9
2281	13
2282	15
2283	21
2284	15
2285	23
2286	20
2287	23
2288	21
2289	16
2290	11
2291	21
2292	14
2293	18
2294	11
2295	16
2296	14
2297	14
2298	16
2299	21
2300	15
2301	12
2302	17
2303	17
2304	20
2305	16
2306	15
2307	17
2308	16
2309	15
2310	13
2311	16
2312	13
2313	16
2314	13
2315	13
2316	17
2317	18
2318	17
2319	17
2320	14
2321	20
2322	13
2323	21
2324	14
2325	14
2326	20
2327	11
2328	17
2329	13
2330	15
2331	13
2332	14
2333	16
2334	19
2335	16
2336	21
2337	20
2338	12
2339	19
2340	17
2341	12
2342	7
2343	13
2344	14
2345	23
2346	17
2347	16
2348	17
2349	11
2350	11
2351	20
2352	17
2353	17
2354	18
2355	12
2356	12
2357	22
2358	12
2359	14
2360	14
2361	14
2362	20
2363	10
2364	16
2365	17
2366	20
2367	19
2368	16
2369	15
2370	15
2371	15
2372	11
2373	15
2374	18
2375	15
2376	12
2377	10
2378	14
2379	13
2380	8
2381	13
2382	14
2383	13
2384	13
2385	12
2386	16
2387	14
2388	17
2389	14
2390	12
2391	15
2392	15
2393	19
2394	22
2395	14
2396	25
2397	7
2398	17
2399	8
2400	12
2401	24
2402	18
2403	18
2404	16
2405	16
2406	13
2407	14
2408	12
2409	16
2410	10
2411	10
2412	12
2413	9
2414	12
2415	10
2416	9
2417	10
2418	14
2419	13
2420	16
2421	22
2422	13
2423	15
2424	12
2425	24
2426	19
2427	15
2428	10
2429	15
2430	16
2431	17
2432	13
2433	13
2434	15
2435	20
2436	8
2437	10
2438	13
2439	10
2440	7
2441	12
2442	14
2443	13
2444	9
2445	17
2446	21
2447	15
2448	10
2449	11
2450	18
2451	13
2452	10
2453	19
2454	13
2455	10
2456	15
2457	7
2458	15
2459	15
2460	10
2461	13
2462	14
2463	8
2464	21
2465	9
2466	17
2467	10
2468	12
2469	13
2470	15
2471	23
2472	11
2473	14
2474	20
2475	7
2476	15
2477	9
2478	9
2479	9
2480	10
2481	12
2482	16
2483	9
2484	6
2485	14
2486	10
2487	8
2488	17
2489	11
2490	7
2491	5
2492	11
2493	13
2494	14
2495	11
2496	13
2497	14
2498	17
2499	7
2500	12
2501	13
2502	11
2503	13
2504	13
2505	14
2506	11
2507	11
2508	17
2509	6
2510	14
2511	11
2512	10
2513	15
2514	14
2515	8
2516	13
2517	11
2518	18
2519	13
2520	20
2521	10
2522	12
2523	21
2524	15
2525	8
2526	9
2527	11
2528	13
2529	7
2530	17
2531	14
2532	9
2533	14
2534	14
2535	10
2536	13
2537	14
2538	15
2539	11
2540	6
2541	11
2542	7
2543	8
2544	13
2545	14
2546	15
2547	11
2548	7
2549	14
2550	9
2551	13
2552	13
2553	13
2554	12
2555	13
2556	15
2557	17
2558	12
2559	8
2560	5
2561	14
2562	12
2563	15
2564	16
2565	11
2566	16
2567	12
2568	4
2569	8
2570	7
2571	13
2572	6
2573	8
2574	13
2575	18
2576	9
2577	13
2578	17
2579	17
2580	12
2581	10
2582	12
2583	13
2584	8
2585	12
2586	15
2587	10
2588	10
2589	15
2590	11
2591	19
2592	10
2593	11
2594	5
2595	6
2596	18
2597	13
2598	7
2599	15
2600	10
2601	16
2602	9
2603	13
2604	13
2605	14
2606	4
2607	8
2608	3
2609	8
2610	12
2611	19
2612	7
2613	15
2614	10
2615	11
2616	10
2617	15
2618	12
2619	7
2620	12
2621	17
2622	9
2623	15
2624	11
2625	10
2626	13
2627	14
2628	15
2629	12
2630	15
2631	3
2632	9
2633	12
2634	9
2635	9
2636	15
2637	13
2638	10
2639	15
2640	9
2641	16
2642	13
2643	14
2644	10
2645	11
2646	9
2647	8
2648	13
2649	16
2650	15
2651	9
2652	12
2653	8
2654	9
2655	11
2656	12
2657	4
2658	9
2659	8
2660	13
2661	4
2662	11
2663	13
2664	13
2665	12
2666	6
2667	10
2668	11
2669	12
2670	14
2671	11
2672	9
2673	11
2674	9
2675	12
2676	5
2677	12
2678	11
2679	7
2680	13
2681	9
2682	11
2683	10
2684	17
2685	7
2686	15
2687	4
2688	13
2689	8
2690	9
2691	17
2692	9
2693	9
2694	8
2695	14
2696	9
2697	8
2698	8
2699	12
2700	10
2701	11
2702	11
2703	10
2704	11
2705	10
2706	9
2707	6
2708	11
2709	10
2710	13
2711	9
2712	10
2713	14
2714	13
2715	9
2716	15
2717	10
2718	9
2719	8
2720	11
2721	11
2722	12
2723	12
2724	8
2725	9
2726	7
2727	15
2728	12
2729	15
2730	11
2731	11
2732	8
2733	5
2734	13
2735	5
2736	11
2737	5
2738	9
2739	11
2740	12
2741	14
2742	15
2743	10
2744	11
2745	18
2746	13
2747	7
2748	6
2749	3
2750	15
2751	18
2752	10
2753	7
2754	12
2755	9
2756	10
2757	9
2758	8
2759	13
2760	7
2761	8
2762	11
2763	6
2764	10
2765	8
2766	9
2767	11
2768	6
2769	10
2770	13
2771	6
2772	7
2773	9
2774	11
2775	11
2776	8
2777	7
2778	5
2779	4
2780	15
2781	7
2782	11
2783	6
2784	8
2785	9
2786	9
2787	8
2788	10
2789	5
2790	9
2791	10
2792	11
2793	10
2794	5
2795	8
2796	12
2797	14
2798	12
2799	8
2800	12
2801	11
2802	9
2803	16
2804	8
2805	12
2806	14
2807	15
2808	9
2809	6
2810	7
2811	12
2812	12
2813	9
2814	12
2815	13
2816	7
2817	6
2818	12
2819	5
2820	9
2821	10
2822	13
2823	13
2824	12
2825	12
2826	10
2827	12
2828	12
2829	11
2830	6
2831	8
2832	10
2833	9
2834	9
2835	7
2836	12
2837	11
2838	12
2839	10
2840	9
2841	10
2842	13
2843	11
2844	10
2845	10
2846	4
2847	7
2848	8
2849	7
2850	10
2851	6
2852	10
2853	8
2854	8
2855	12
2856	9
2857	11
2858	8
2859	10
2860	12
2861	8
2862	9
2863	6
2864	11
2865	7
2866	12
2867	8
2868	12
2869	11
2870	10
2871	13
2872	8
2873	7
2874	12
2875	6
2876	13
2877	6
2878	12
2879	13
2880	10
2881	14
2882	6
2883	8
2884	12
2885	11
2886	13
2887	10
2888	8
2889	11
2890	9
2891	15
2892	19
2893	8
2894	11
2895	11
2896	7
2897	7
2898	5
2899	7
2900	16
2901	7
2902	9
2903	11
2904	7
2905	6
2906	9
2907	14
2908	10
2909	6
2910	13
2911	8
2912	5
2913	9
2914	11
2915	17
2916	11
2917	12
2918	10
2919	9
2920	8
2921	11
2922	11
2923	11
2924	9
2925	11
2926	11
2927	4
2928	9
2929	9
2930	10
2931	9
2932	13
2933	6
2934	10
2935	13
2936	9
2937	8
2938	10
2939	19
2940	8
2941	13
2942	9
2943	4
2944	9
2945	5
2946	16
2947	9
2948	9
2949	12
2950	12
2951	12
2952	12
2953	7
2954	12
2955	5
2956	15
2957	11
2958	5
2959	7
2960	7
2961	10
2962	10
2963	13
2964	10
2965	9
2966	6
2967	10
2968	7
2969	12
2970	15
2971	10
2972	7
2973	11
2974	9
2975	8
2976	10
2977	12
2978	4
2979	10
2980	7
2981	13
2982	7
2983	9
2984	9
2985	12
2986	10
2987	8
2988	10
2989	7
2990	7
2991	8
2992	9
2993	5
2994	10
2995	12
2996	9
2997	6
2998	7
2999	8
3000	5
3001	5
3002	10
3003	11
3004	11
3005	5
3006	10
3007	11
3008	9
3009	13
3010	5
3011	7
3012	11
3013	9
3014	14
3015	7
3016	7
3017	7
3018	11
3019	9
3020	15
3021	12
3022	11
3023	8
3024	6
3025	7
3026	12
3027	12
3028	8
3029	16
3030	10
3031	7
3032	4
3033	10
3034	7
3035	10
3036	10
3037	9
3038	9
3039	8
3040	11
3041	10
3042	3
3043	10
3044	8
3045	7
3046	11
3047	5
3048	17
3049	13
3050	4
3051	8
3052	12
3053	7
3054	4
3055	7
3056	13
3057	13
3058	6
3059	8
3060	5
3061	5
3062	5
3063	7
3064	5
3065	7
3066	7
3067	8
3068	8
3069	8
3070	9
3071	7
3072	10
3073	9
3074	10
3075	8
3076	12
3077	7
3078	10
3079	6
3080	10
3081	9
3082	9
3083	5
3084	8
3085	13
3086	4
3087	8
3088	10
3089	12
3090	6
3091	8
3092	9
3093	15
3094	9
3095	7
3096	7
3097	6
3098	10
3099	10
3100	9
3101	8
3102	7
3103	10
3104	8
3105	5
3106	16
3107	2
3108	9
3109	9
3110	15
3111	11
3112	6
3113	12
3114	8
3115	11
3116	6
3117	8
3118	10
3119	9
3120	9
3121	11
3122	10
3123	8
3124	12
3125	10
3126	12
3127	5
3128	4
3129	5
3130	5
3131	9
3132	11
3133	6
3134	4
3135	7
3136	5
3137	4
3138	10
3139	10
3140	7
3141	11
3142	7
3143	13
3144	10
3145	9
3146	10
3147	13
3148	9
3149	11
3150	12
3151	11
3152	7
3153	12
3154	9
3155	7
3156	7
3157	5
3158	9
3159	4
3160	10
3161	9
3162	5
3163	14
3164	5
3165	13
3166	11
3167	9
3168	9
3169	7
3170	11
3171	6
3172	7
3173	9
3174	8
3175	11
3176	10
3177	6
3178	9
3179	8
3180	8
3181	7
3182	11
3183	8
3184	6
3185	8
3186	9
3187	4
3188	9
3189	9
3190	10
3191	14
3192	11
3193	6
3194	4
3195	9
3196	7
3197	5
3198	9
3199	10
3200	10
3201	12
3202	9
3203	11
3204	6
3205	5
3206	8
3207	3
3208	1
3209	16
3210	6
3211	10
3212	8
3213	6
3214	8
3215	6
3216	3
3217	9
3218	7
3219	10
3220	7
3221	11
3222	9
3223	1
3224	12
3225	5
3226	7
3227	5
3228	10
3229	10
3230	8
3231	12
3232	6
3233	11
3234	10
3235	5
3236	11
3237	7
3238	7
3239	8
3240	6
3241	10
3242	20
3243	7
3244	9
3245	8
3246	8
3247	10
3248	6
3249	9
3250	8
3251	7
3252	9
3253	10
3254	5
3255	12
3256	9
3257	4
3258	7
3259	14
3260	15
3261	5
3262	5
3263	4
3264	12
3265	5
3266	7
3267	6
3268	9
3269	9
3270	6
3271	5
3272	8
3273	6
3274	10
3275	13
3276	8
3277	6
3278	10
3279	11
3280	8
3281	5
3282	8
3283	10
3284	7
3285	9
3286	8
3287	8
3288	7
3289	5
3290	15
3291	15
3292	5
3293	15
3294	6
3295	13
3296	5
3297	8
3298	7
3299	7
3300	8
3301	9
3302	8
3303	8
3304	5
3305	6
3306	11
3307	9
3308	6
3309	3
3310	8
3311	3
3312	8
3313	8
3314	9
3315	8
3316	9
3317	10
3318	8
3319	10
3320	6
3321	17
3322	8
3323	9
3324	3
3325	5
3326	3
3327	9
3328	13
3329	4
3330	10
3331	6
3332	8
3333	5
3334	12
3335	10
3336	6
3337	4
3338	12
3339	7
3340	6
3341	7
3342	10
3343	7
3344	12
3345	7
3346	10
3347	6
3348	4
3349	11
3350	11
3351	12
3352	8
3353	8
3354	5
3355	10
3356	8
3357	10
3358	11
3359	6
3360	10
3361	10
3362	3
3363	9
3364	11
3365	5
3366	5
3367	11
3368	7
3369	12
3370	10
3371	5
3372	12
3373	9
3374	10
3375	6
3376	6
3377	8
3378	4
3379	6
3380	4
3381	9
3382	4
3383	7
3384	3
3385	4
3386	7
3387	7
3388	10
3389	14
3390	8
3391	9
3392	5
3393	5
3394	6
3395	11
3396	3
3397	10
3398	12
3399	10
3400	13
3401	4
3402	11
3403	8
3404	9
3405	8
3406	7
3407	6
3408	5
3409	10
3410	5
3411	2
3412	10
3413	4
3414	5
3415	10
3416	3
3417	9
3418	5
3419	6
3420	12
3421	7
3422	6
3423	9
3424	9
3425	10
3426	12
3427	12
3428	5
3429	9
3430	6
3431	8
3432	8
3433	6
3434	6
3435	10
3436	10
3437	8
3438	7
3439	12
3440	3
3441	12
3442	8
3443	5
3444	6
3445	9
3446	5
3447	12
3448	7
3449	8
3450	9
3451	8
3452	7
3453	6
3454	9
3455	4
3456	11
3457	5
3458	11
3459	10
3460	8
3461	8
3462	11
3463	15
3464	7
3465	9
3466	4
3467	11
3468	6
3469	10
3470	14
3471	11
3472	9
3473	9
3474	12
3475	6
3476	6
3477	9
3478	10
3479	7
3480	6
3481	7
3482	4
3483	9
3484	7
3485	6
3486	9
3487	8
3488	9
3489	7
3490	6
3491	8
3492	7
3493	8
3494	6
3495	9
3496	9
3497	9
3498	8
3499	9
3500	9
3501	9
3502	4
3503	5
3504	3
3505	6
3506	7
3507	7
3508	9
3509	6
3510	9
3511	7
3512	11
3513	8
3514	17
3515	6
3516	2
3517	6
3518	9
3519	3
3520	7
3521	3
3522	7
3523	2
3524	7
3525	2
3526	8
3527	6
3528	6
3529	6
3530	7
3531	13
3532	10
3533	4
3534	8
3535	6
3536	7
3537	8
3538	4
3539	4
3540	9
3541	7
3542	9
3543	7
3544	9
3545	7
3546	5
3547	5
3548	6
3549	5
3550	7
3551	7
3552	6
3553	5
3554	6
3555	6
3556	11
3557	2
3558	12
3559	4
3560	5
3561	8
3562	9
3563	8
3564	9
3565	9
3566	4
3567	9
3568	6
3569	3
3570	7
3571	6
3572	7
3573	5
3574	10
3575	6
3576	7
3577	9
3578	4
3579	5
3580	9
3581	7
3582	7
3583	7
3584	5
3585	4
3586	3
3587	4
3588	6
3589	8
3590	11
3591	3
3592	11
3593	6
3594	5
3595	7
3596	5
3597	10
3598	3
3599	7
3600	9
3601	4
3602	9
3603	6
3604	5
3605	8
3606	8
3607	6
3608	10
3609	6
3610	6
3611	7
3612	9
3613	8
3614	7
3615	7
3616	4
3617	5
3618	6
3619	6
3620	6
3621	10
3622	7
3623	10
3624	4
3625	4
3626	6
3627	7
3628	6
3629	3
3630	9
3631	8
3632	11
3633	2
3634	5
3635	6
3636	2
3637	5
3638	8
3639	6
3640	8
3641	5
3642	7
3643	4
3644	9
3645	8
3646	5
3647	7
3648	8
3649	4
3650	4
3651	5
3652	7
3653	3
3654	9
3655	9
3656	5
3657	11
3658	6
3659	5
3660	3
3661	6
3662	2
3663	5
3664	5
3665	5
3666	4
3667	7
3668	6
3669	10
3670	5
3671	5
3672	8
3673	3
3674	8
3675	5
3676	4
3677	8
3678	7
3679	7
3680	3
3681	7
3682	5
3683	1
3684	9
3685	4
3686	13
3687	8
3688	4
3689	8
3690	7
3691	4
3692	6
3693	4
3694	10
3695	4
3696	4
3697	5
3698	3
3699	6
3700	4
3701	6
3702	6
3703	7
3704	4
3705	6
3706	8
3707	5
3708	10
3709	9
3710	11
3711	5
3712	9
3713	11
3714	2
3715	5
3716	4
3717	3
3718	4
3719	6
3720	5
3721	3
3722	1
3723	6
3724	8
3725	6
3726	7
3727	2
3728	6
3729	7
3730	4
3731	6
3732	3
3733	4
3734	4
3735	6
3736	6
3737	9
3738	6
3739	3
3740	2
3741	5
3742	5
3743	3
3744	4
3745	3
3746	4
3747	12
3748	3
3749	1
3750	8
3751	5
3752	10
3753	8
3754	6
3755	4
3756	6
3757	7
3758	6
3759	4
3760	11
3761	5
3762	8
3763	4
3764	5
3765	4
3766	9
3767	3
3768	8
3769	5
3770	6
3771	6
3772	10
3773	3
3774	5
3775	4
3776	3
3777	7
3778	2
3779	7
3780	5
3781	2
3782	2
3783	11
3784	6
3785	6
3786	8
3787	1
3788	3
3789	7
3790	3
3791	4
3792	5
3793	4
3794	4
3795	7
3796	5
3797	1
3798	5
3799	3
3800	4
3801	8
3802	5
3803	6
3804	5
3805	5
3806	3
3807	4
3808	4
3809	2
3810	4
3811	6
3812	5
3813	9
3814	4
3815	4
3816	1
3817	3
3818	7
3819	6
3820	4
3821	6
3822	6
3823	5
3824	7
3825	5
3826	7
3827	1
3828	4
3829	4
3830	6
3831	2
3832	5
3833	3
3834	8
3835	1
3836	3
3837	5
3838	3
3839	4
3840	4
3841	2
3842	4
3843	3
3844	3
3845	6
3846	5
3847	1
3848	2
3849	2
3850	4
3851	2
3852	2
3853	6
3854	2
3855	2
3856	4
3857	4
3858	3
3859	3
3860	6
3861	4
3862	3
3863	3
3864	2
3865	7
3866	1
3867	4
3868	3
3869	3
3870	2
3871	8
3872	3
3873	10
3874	5
3875	8
3876	4
3877	5
3878	8
3879	1
3880	1
3881	5
3882	4
3883	1
3884	3
3885	5
3886	1
3887	3
3888	4
3889	7
3890	0
3891	4
3892	5
3893	4
3894	2
3895	11
3896	0
3897	0
3898	0
3899	0
3900	0
3901	0
3902	0
3903	0
3904	0
3905	0
3906	0
3907	0
3908	0
3909	0
3910	0
3911	0
3912	0
3913	0
3914	0
3915	0
3916	0
3917	0
3918	0
3919	0
3920	0
3921	0
3922	0
3923	0
3924	0
3925	0
3926	0
3927	0
3928	0
3929	0
3930	0
3931	0
3932	0
3933	0
3934	0
3935	0
3936	0
3937	0
3938	0
3939	0
3940	0
3941	0
3942	0
3943	0
3944	0
3945	0
3946	0
3947	0
3948	0
3949	0
3950	0
3951	0
3952	0
3953	0
3954	0
3955	0
3956	0
3957	0
3958	0
3959	0
3960	0
3961	0
3962	0
3963	0
3964	0
3965	0
3966	0
3967	0
3968	0
3969	0
3970	0
3971	0
3972	0
3973	0
3974	0
3975	0
3976	0
3977	0
3978	0
3979	0
3980	0
3981	0
3982	0
3983	0
3984	0
3985	0
3986	0
3987	0
3988	0
3989	0
3990	0
3991	0
3992	0
3993	0
3994	0
3995	0
3996	0
3997	0
3998	0
3999	0
4000	0
4001	0
4002	0
4003	0
4004	0
4005	0
4006	0
4007	0
4008	0
4009	0
4010	0
4011	0
4012	0
4013	0
4014	0
4015	0
4016	0
4017	0
4018	0
4019	0
4020	0
4021	0
4022	0
4023	0
4024	0
4025	0
4026	0
4027	0
4028	0
4029	0
4030	0
4031	0
4032	0
4033	0
4034	0
4035	0
4036	0
4037	0
4038	0
4039	0
4040	0
4041	0
4042	0
4043	0
4044	0
4045	0
4046	0
4047	0
4048	0
4049	0
4050	0
4051	0
4052	0
4053	0
4054	0
4055	0
4056	0
4057	0
4058	0
4059	0
4060	0
4061	0
4062	0
4063	0
4064	0
4065	0
4066	0
4067	0
4068	0
4069	0
4070	0
4071	0
4072	0
4073	0
4074	0
4075	0
4076	0
4077	0
4078	0
4079	0
4080	0
4081	0
4082	0
4083	0
4084	0
4085	0
4086	0
4087	0
4088	0
4089	0
4090	0
4091	0
4092	0
4093	0
4094	0
4095	0
4096	0
