Item name: Decay VH

Real time: 10
Live time: 0
Time calibration: 2.743484E-02ns/ch

Comment: 


Chan	Data
1	0
2	0
3	0
4	0
5	0
6	0
7	0
8	0
9	0
10	0
11	0
12	0
13	0
14	0
15	0
16	0
17	0
18	0
19	0
20	0
21	0
22	0
23	0
24	0
25	0
26	0
27	0
28	0
29	0
30	0
31	0
32	0
33	0
34	0
35	0
36	0
37	0
38	0
39	0
40	0
41	0
42	0
43	0
44	0
45	0
46	0
47	0
48	0
49	0
50	0
51	0
52	0
53	0
54	0
55	0
56	0
57	0
58	0
59	0
60	0
61	0
62	0
63	0
64	0
65	0
66	0
67	0
68	0
69	0
70	0
71	0
72	0
73	0
74	0
75	0
76	0
77	0
78	0
79	0
80	0
81	0
82	0
83	0
84	0
85	0
86	0
87	0
88	0
89	0
90	0
91	0
92	0
93	0
94	0
95	0
96	0
97	0
98	0
99	0
100	0
101	0
102	0
103	0
104	0
105	0
106	0
107	0
108	0
109	0
110	0
111	0
112	0
113	0
114	0
115	0
116	0
117	0
118	0
119	0
120	0
121	0
122	0
123	0
124	0
125	0
126	0
127	0
128	0
129	0
130	0
131	0
132	0
133	0
134	0
135	0
136	0
137	0
138	0
139	0
140	0
141	0
142	0
143	0
144	0
145	0
146	0
147	0
148	0
149	0
150	0
151	0
152	0
153	0
154	0
155	0
156	0
157	0
158	0
159	0
160	0
161	0
162	0
163	0
164	0
165	0
166	0
167	0
168	0
169	0
170	0
171	0
172	0
173	0
174	0
175	0
176	0
177	0
178	0
179	0
180	0
181	0
182	0
183	0
184	0
185	0
186	0
187	0
188	0
189	0
190	0
191	0
192	0
193	0
194	0
195	0
196	0
197	0
198	0
199	0
200	0
201	0
202	6
203	6
204	8
205	7
206	12
207	8
208	8
209	9
210	6
211	10
212	6
213	8
214	14
215	9
216	9
217	10
218	4
219	10
220	10
221	9
222	11
223	10
224	8
225	6
226	7
227	7
228	6
229	12
230	5
231	3
232	9
233	8
234	10
235	8
236	9
237	7
238	11
239	8
240	3
241	9
242	5
243	7
244	10
245	7
246	8
247	6
248	8
249	7
250	5
251	15
252	7
253	1
254	7
255	8
256	13
257	8
258	9
259	12
260	5
261	14
262	5
263	9
264	4
265	5
266	8
267	1
268	13
269	5
270	6
271	9
272	11
273	10
274	8
275	9
276	8
277	8
278	7
279	4
280	5
281	7
282	11
283	7
284	11
285	13
286	5
287	16
288	7
289	10
290	9
291	8
292	12
293	6
294	6
295	8
296	12
297	8
298	4
299	11
300	13
301	7
302	11
303	8
304	6
305	5
306	5
307	5
308	7
309	8
310	6
311	8
312	10
313	3
314	8
315	11
316	5
317	6
318	7
319	7
320	12
321	5
322	9
323	6
324	12
325	3
326	8
327	4
328	5
329	10
330	10
331	9
332	12
333	4
334	6
335	9
336	9
337	17
338	9
339	6
340	5
341	12
342	10
343	7
344	9
345	8
346	15
347	10
348	9
349	7
350	10
351	7
352	10
353	4
354	16
355	3
356	6
357	5
358	13
359	8
360	4
361	10
362	9
363	9
364	11
365	3
366	12
367	8
368	5
369	5
370	5
371	6
372	3
373	6
374	13
375	5
376	12
377	12
378	14
379	10
380	9
381	6
382	10
383	13
384	7
385	14
386	9
387	7
388	5
389	10
390	8
391	9
392	10
393	13
394	13
395	10
396	9
397	10
398	6
399	6
400	13
401	9
402	6
403	11
404	7
405	6
406	6
407	6
408	7
409	10
410	3
411	9
412	9
413	5
414	4
415	12
416	6
417	10
418	6
419	7
420	11
421	8
422	9
423	7
424	8
425	10
426	6
427	8
428	13
429	8
430	8
431	9
432	7
433	7
434	10
435	7
436	8
437	6
438	10
439	9
440	8
441	6
442	12
443	7
444	7
445	7
446	9
447	3
448	13
449	15
450	8
451	8
452	10
453	11
454	5
455	11
456	5
457	7
458	10
459	16
460	4
461	6
462	7
463	9
464	4
465	14
466	8
467	5
468	5
469	10
470	8
471	11
472	11
473	8
474	17
475	6
476	9
477	0
478	10
479	10
480	9
481	8
482	7
483	12
484	4
485	8
486	8
487	12
488	9
489	10
490	6
491	5
492	3
493	11
494	4
495	14
496	11
497	10
498	10
499	8
500	12
501	8
502	7
503	6
504	4
505	3
506	5
507	8
508	6
509	11
510	9
511	6
512	10
513	8
514	2
515	10
516	9
517	15
518	11
519	7
520	12
521	6
522	8
523	6
524	4
525	10
526	14
527	3
528	9
529	5
530	8
531	4
532	8
533	7
534	5
535	9
536	10
537	12
538	4
539	8
540	8
541	6
542	9
543	9
544	4
545	10
546	6
547	4
548	9
549	6
550	9
551	6
552	4
553	8
554	5
555	3
556	6
557	9
558	3
559	8
560	9
561	5
562	5
563	8
564	7
565	5
566	9
567	6
568	10
569	7
570	2
571	5
572	9
573	4
574	6
575	3
576	8
577	7
578	7
579	8
580	8
581	8
582	12
583	10
584	13
585	7
586	5
587	4
588	8
589	5
590	5
591	5
592	11
593	10
594	8
595	9
596	7
597	11
598	7
599	7
600	9
601	11
602	4
603	8
604	6
605	9
606	7
607	7
608	8
609	8
610	4
611	4
612	6
613	6
614	5
615	6
616	3
617	13
618	6
619	6
620	8
621	6
622	6
623	8
624	5
625	8
626	7
627	6
628	9
629	5
630	9
631	7
632	4
633	7
634	7
635	8
636	7
637	8
638	4
639	5
640	7
641	9
642	6
643	15
644	8
645	4
646	6
647	8
648	5
649	12
650	6
651	5
652	6
653	12
654	3
655	7
656	9
657	6
658	5
659	12
660	8
661	9
662	7
663	9
664	7
665	5
666	8
667	2
668	6
669	13
670	14
671	9
672	7
673	6
674	8
675	10
676	9
677	8
678	6
679	8
680	10
681	9
682	8
683	7
684	8
685	7
686	7
687	5
688	5
689	5
690	7
691	12
692	6
693	12
694	9
695	13
696	7
697	11
698	5
699	16
700	10
701	11
702	6
703	2
704	13
705	8
706	4
707	6
708	11
709	11
710	9
711	8
712	8
713	14
714	9
715	5
716	9
717	6
718	10
719	11
720	8
721	6
722	9
723	7
724	10
725	13
726	10
727	5
728	8
729	2
730	12
731	5
732	6
733	13
734	12
735	6
736	7
737	10
738	7
739	8
740	6
741	8
742	6
743	7
744	9
745	13
746	7
747	11
748	4
749	8
750	9
751	8
752	6
753	8
754	8
755	7
756	8
757	9
758	9
759	11
760	8
761	4
762	6
763	6
764	7
765	5
766	3
767	2
768	6
769	12
770	7
771	7
772	3
773	6
774	10
775	7
776	10
777	8
778	8
779	3
780	5
781	6
782	4
783	5
784	4
785	6
786	6
787	8
788	10
789	9
790	8
791	7
792	5
793	9
794	8
795	6
796	2
797	8
798	13
799	11
800	7
801	7
802	14
803	4
804	11
805	7
806	5
807	4
808	6
809	3
810	9
811	12
812	9
813	6
814	7
815	10
816	5
817	7
818	7
819	6
820	8
821	6
822	9
823	9
824	12
825	5
826	7
827	2
828	7
829	11
830	10
831	10
832	6
833	7
834	6
835	8
836	14
837	7
838	9
839	3
840	5
841	6
842	4
843	10
844	11
845	5
846	7
847	8
848	12
849	2
850	8
851	7
852	9
853	4
854	6
855	8
856	4
857	12
858	8
859	7
860	9
861	7
862	5
863	3
864	8
865	2
866	14
867	9
868	6
869	13
870	8
871	4
872	9
873	5
874	5
875	4
876	10
877	5
878	9
879	8
880	9
881	14
882	15
883	7
884	10
885	8
886	10
887	6
888	8
889	11
890	7
891	5
892	6
893	10
894	7
895	12
896	4
897	13
898	8
899	9
900	7
901	10
902	12
903	4
904	10
905	7
906	6
907	6
908	8
909	5
910	6
911	7
912	8
913	11
914	8
915	8
916	7
917	10
918	10
919	5
920	3
921	4
922	4
923	8
924	7
925	11
926	8
927	5
928	5
929	2
930	9
931	10
932	4
933	5
934	8
935	9
936	12
937	7
938	8
939	7
940	5
941	6
942	11
943	7
944	3
945	6
946	7
947	9
948	11
949	9
950	6
951	9
952	8
953	14
954	8
955	7
956	11
957	8
958	5
959	4
960	2
961	12
962	6
963	6
964	4
965	8
966	8
967	7
968	9
969	7
970	10
971	9
972	7
973	16
974	5
975	8
976	6
977	5
978	6
979	9
980	11
981	6
982	6
983	9
984	11
985	6
986	14
987	11
988	7
989	9
990	8
991	9
992	7
993	5
994	6
995	5
996	8
997	5
998	10
999	5
1000	11
1001	14
1002	9
1003	3
1004	9
1005	10
1006	11
1007	11
1008	21
1009	15
1010	28
1011	49
1012	98
1013	186
1014	415
1015	729
1016	1317
1017	2261
1018	3177
1019	4248
1020	5411
1021	6492
1022	7423
1023	8341
1024	8981
1025	9461
1026	9823
1027	10368
1028	10478
1029	10490
1030	10777
1031	10966
1032	11089
1033	11110
1034	11221
1035	11282
1036	11435
1037	11293
1038	11363
1039	11519
1040	11540
1041	11324
1042	11452
1043	11294
1044	11405
1045	11022
1046	11257
1047	11041
1048	11082
1049	11032
1050	11125
1051	10841
1052	10870
1053	10630
1054	10726
1055	10645
1056	10591
1057	10656
1058	10443
1059	10471
1060	10380
1061	10324
1062	10301
1063	10320
1064	10183
1065	10366
1066	10075
1067	10111
1068	9883
1069	10002
1070	10069
1071	9873
1072	9949
1073	9759
1074	9783
1075	9394
1076	9615
1077	9549
1078	9668
1079	9284
1080	9405
1081	9271
1082	9211
1083	9006
1084	9254
1085	9122
1086	8977
1087	8987
1088	8932
1089	8802
1090	8840
1091	8611
1092	8802
1093	8808
1094	8417
1095	8783
1096	8392
1097	8477
1098	8437
1099	8403
1100	8253
1101	8188
1102	8230
1103	7951
1104	8151
1105	8128
1106	7974
1107	7961
1108	7799
1109	7822
1110	7825
1111	7854
1112	7753
1113	7602
1114	7462
1115	7380
1116	7372
1117	7497
1118	7326
1119	7323
1120	7333
1121	7227
1122	7066
1123	7183
1124	7170
1125	6974
1126	6919
1127	6866
1128	6708
1129	6651
1130	6846
1131	6623
1132	6735
1133	6702
1134	6546
1135	6523
1136	6550
1137	6527
1138	6550
1139	6283
1140	6296
1141	6244
1142	6228
1143	6208
1144	6187
1145	6027
1146	6193
1147	6050
1148	6042
1149	6006
1150	5936
1151	5861
1152	5892
1153	5882
1154	5712
1155	5624
1156	5688
1157	5719
1158	5664
1159	5612
1160	5635
1161	5675
1162	5521
1163	5459
1164	5390
1165	5451
1166	5307
1167	5281
1168	5257
1169	5270
1170	5251
1171	5116
1172	5154
1173	5069
1174	5064
1175	5088
1176	5012
1177	5021
1178	4885
1179	4775
1180	4811
1181	4855
1182	4757
1183	4796
1184	4794
1185	4780
1186	4779
1187	4703
1188	4723
1189	4594
1190	4658
1191	4535
1192	4460
1193	4479
1194	4383
1195	4384
1196	4299
1197	4435
1198	4367
1199	4080
1200	4202
1201	4248
1202	4236
1203	4294
1204	4106
1205	4164
1206	3962
1207	4066
1208	4026
1209	4035
1210	4024
1211	3927
1212	3852
1213	4016
1214	3882
1215	3827
1216	3830
1217	3806
1218	3736
1219	3728
1220	3725
1221	3741
1222	3604
1223	3669
1224	3651
1225	3676
1226	3558
1227	3556
1228	3543
1229	3474
1230	3529
1231	3509
1232	3475
1233	3373
1234	3333
1235	3493
1236	3421
1237	3238
1238	3304
1239	3304
1240	3167
1241	3237
1242	3246
1243	3228
1244	3089
1245	3074
1246	3124
1247	3099
1248	3069
1249	2998
1250	3039
1251	3015
1252	3011
1253	2970
1254	2947
1255	2953
1256	2966
1257	2853
1258	2794
1259	2820
1260	2782
1261	2888
1262	2798
1263	2725
1264	2726
1265	2665
1266	2711
1267	2646
1268	2652
1269	2557
1270	2639
1271	2698
1272	2680
1273	2574
1274	2604
1275	2598
1276	2558
1277	2565
1278	2526
1279	2648
1280	2557
1281	2444
1282	2527
1283	2528
1284	2418
1285	2321
1286	2399
1287	2284
1288	2314
1289	2284
1290	2333
1291	2299
1292	2241
1293	2266
1294	2243
1295	2264
1296	2277
1297	2212
1298	2186
1299	2299
1300	2197
1301	2189
1302	2109
1303	2066
1304	2097
1305	2116
1306	2123
1307	2137
1308	2051
1309	2052
1310	2081
1311	2065
1312	2008
1313	2118
1314	2007
1315	1997
1316	1933
1317	1985
1318	1940
1319	1893
1320	1865
1321	1956
1322	1894
1323	1866
1324	1864
1325	1836
1326	1796
1327	1839
1328	1786
1329	1734
1330	1862
1331	1812
1332	1832
1333	1772
1334	1736
1335	1699
1336	1688
1337	1690
1338	1702
1339	1706
1340	1692
1341	1663
1342	1667
1343	1623
1344	1649
1345	1598
1346	1645
1347	1562
1348	1591
1349	1580
1350	1640
1351	1527
1352	1559
1353	1480
1354	1588
1355	1520
1356	1519
1357	1513
1358	1525
1359	1502
1360	1518
1361	1478
1362	1448
1363	1470
1364	1393
1365	1529
1366	1381
1367	1369
1368	1410
1369	1391
1370	1359
1371	1362
1372	1366
1373	1350
1374	1343
1375	1342
1376	1341
1377	1310
1378	1288
1379	1258
1380	1280
1381	1327
1382	1241
1383	1307
1384	1262
1385	1225
1386	1254
1387	1254
1388	1244
1389	1251
1390	1230
1391	1164
1392	1191
1393	1246
1394	1196
1395	1188
1396	1159
1397	1120
1398	1127
1399	1158
1400	1175
1401	1159
1402	1075
1403	1105
1404	1058
1405	1107
1406	1067
1407	1065
1408	1086
1409	1038
1410	1048
1411	1029
1412	1067
1413	1013
1414	1042
1415	985
1416	1072
1417	1017
1418	978
1419	1046
1420	981
1421	978
1422	1025
1423	1012
1424	929
1425	950
1426	928
1427	1008
1428	981
1429	929
1430	928
1431	906
1432	924
1433	900
1434	917
1435	907
1436	913
1437	841
1438	941
1439	855
1440	924
1441	859
1442	866
1443	896
1444	778
1445	822
1446	817
1447	871
1448	856
1449	836
1450	873
1451	803
1452	766
1453	818
1454	829
1455	826
1456	798
1457	840
1458	808
1459	827
1460	775
1461	748
1462	787
1463	730
1464	741
1465	735
1466	749
1467	754
1468	731
1469	669
1470	731
1471	714
1472	735
1473	693
1474	722
1475	693
1476	713
1477	656
1478	664
1479	652
1480	717
1481	688
1482	672
1483	685
1484	678
1485	650
1486	654
1487	645
1488	623
1489	630
1490	661
1491	671
1492	600
1493	632
1494	625
1495	572
1496	633
1497	610
1498	591
1499	653
1500	589
1501	586
1502	572
1503	638
1504	564
1505	586
1506	609
1507	617
1508	541
1509	596
1510	537
1511	563
1512	608
1513	573
1514	578
1515	559
1516	541
1517	550
1518	527
1519	562
1520	529
1521	513
1522	519
1523	517
1524	508
1525	493
1526	524
1527	577
1528	514
1529	459
1530	500
1531	474
1532	489
1533	517
1534	479
1535	462
1536	473
1537	505
1538	444
1539	489
1540	482
1541	476
1542	457
1543	487
1544	471
1545	467
1546	441
1547	437
1548	391
1549	416
1550	463
1551	443
1552	426
1553	422
1554	389
1555	398
1556	435
1557	441
1558	405
1559	445
1560	405
1561	428
1562	418
1563	412
1564	398
1565	385
1566	375
1567	415
1568	393
1569	403
1570	434
1571	359
1572	381
1573	380
1574	384
1575	377
1576	376
1577	404
1578	362
1579	331
1580	369
1581	363
1582	389
1583	344
1584	350
1585	357
1586	362
1587	353
1588	345
1589	354
1590	364
1591	358
1592	329
1593	287
1594	363
1595	293
1596	325
1597	322
1598	333
1599	336
1600	296
1601	327
1602	326
1603	336
1604	318
1605	301
1606	292
1607	317
1608	291
1609	287
1610	317
1611	305
1612	314
1613	269
1614	304
1615	303
1616	290
1617	258
1618	299
1619	282
1620	292
1621	262
1622	284
1623	287
1624	277
1625	288
1626	293
1627	296
1628	276
1629	281
1630	292
1631	252
1632	255
1633	265
1634	244
1635	266
1636	257
1637	281
1638	285
1639	252
1640	283
1641	228
1642	268
1643	239
1644	255
1645	241
1646	229
1647	232
1648	251
1649	243
1650	234
1651	255
1652	229
1653	220
1654	216
1655	221
1656	241
1657	234
1658	238
1659	224
1660	231
1661	215
1662	221
1663	227
1664	225
1665	208
1666	241
1667	210
1668	240
1669	236
1670	166
1671	235
1672	201
1673	234
1674	214
1675	212
1676	206
1677	181
1678	211
1679	225
1680	216
1681	213
1682	187
1683	213
1684	235
1685	216
1686	195
1687	191
1688	203
1689	221
1690	167
1691	215
1692	213
1693	168
1694	194
1695	194
1696	205
1697	180
1698	182
1699	166
1700	169
1701	208
1702	191
1703	175
1704	174
1705	183
1706	190
1707	176
1708	167
1709	173
1710	169
1711	200
1712	188
1713	185
1714	168
1715	179
1716	170
1717	154
1718	184
1719	160
1720	173
1721	161
1722	166
1723	145
1724	162
1725	142
1726	132
1727	179
1728	171
1729	144
1730	144
1731	152
1732	139
1733	167
1734	160
1735	169
1736	159
1737	161
1738	133
1739	168
1740	159
1741	143
1742	163
1743	130
1744	137
1745	153
1746	149
1747	134
1748	127
1749	127
1750	148
1751	135
1752	137
1753	143
1754	155
1755	147
1756	138
1757	119
1758	139
1759	145
1760	140
1761	144
1762	117
1763	133
1764	151
1765	125
1766	136
1767	115
1768	116
1769	139
1770	118
1771	132
1772	128
1773	98
1774	130
1775	134
1776	121
1777	111
1778	105
1779	108
1780	117
1781	141
1782	127
1783	116
1784	124
1785	123
1786	118
1787	122
1788	104
1789	109
1790	115
1791	140
1792	110
1793	128
1794	113
1795	114
1796	109
1797	111
1798	101
1799	106
1800	99
1801	118
1802	103
1803	105
1804	120
1805	96
1806	111
1807	97
1808	94
1809	106
1810	98
1811	93
1812	107
1813	100
1814	78
1815	100
1816	106
1817	82
1818	95
1819	109
1820	105
1821	100
1822	80
1823	87
1824	90
1825	82
1826	83
1827	90
1828	88
1829	108
1830	106
1831	86
1832	83
1833	83
1834	79
1835	75
1836	84
1837	85
1838	103
1839	94
1840	91
1841	87
1842	106
1843	69
1844	69
1845	72
1846	60
1847	94
1848	82
1849	84
1850	64
1851	83
1852	75
1853	88
1854	99
1855	94
1856	103
1857	69
1858	90
1859	83
1860	78
1861	72
1862	85
1863	71
1864	80
1865	66
1866	67
1867	68
1868	70
1869	75
1870	81
1871	79
1872	76
1873	80
1874	87
1875	67
1876	65
1877	79
1878	73
1879	81
1880	70
1881	63
1882	71
1883	73
1884	68
1885	70
1886	84
1887	87
1888	67
1889	57
1890	65
1891	70
1892	86
1893	77
1894	89
1895	61
1896	66
1897	66
1898	70
1899	55
1900	69
1901	64
1902	63
1903	48
1904	54
1905	66
1906	57
1907	70
1908	74
1909	66
1910	70
1911	52
1912	69
1913	66
1914	56
1915	66
1916	56
1917	44
1918	70
1919	48
1920	58
1921	82
1922	61
1923	50
1924	50
1925	78
1926	57
1927	61
1928	61
1929	57
1930	62
1931	41
1932	53
1933	61
1934	55
1935	56
1936	52
1937	59
1938	60
1939	49
1940	54
1941	45
1942	57
1943	61
1944	48
1945	65
1946	77
1947	65
1948	45
1949	52
1950	48
1951	48
1952	43
1953	53
1954	65
1955	49
1956	47
1957	47
1958	54
1959	48
1960	47
1961	41
1962	61
1963	48
1964	52
1965	54
1966	48
1967	50
1968	38
1969	47
1970	48
1971	54
1972	43
1973	59
1974	53
1975	41
1976	60
1977	54
1978	54
1979	43
1980	45
1981	31
1982	41
1983	55
1984	54
1985	41
1986	38
1987	48
1988	39
1989	41
1990	54
1991	48
1992	46
1993	38
1994	60
1995	37
1996	35
1997	63
1998	52
1999	38
2000	49
2001	44
2002	39
2003	53
2004	38
2005	45
2006	42
2007	42
2008	47
2009	40
2010	31
2011	36
2012	36
2013	45
2014	34
2015	38
2016	54
2017	31
2018	50
2019	32
2020	44
2021	39
2022	34
2023	40
2024	35
2025	46
2026	41
2027	32
2028	41
2029	38
2030	39
2031	33
2032	35
2033	43
2034	25
2035	42
2036	32
2037	44
2038	40
2039	26
2040	34
2041	43
2042	39
2043	44
2044	40
2045	34
2046	33
2047	32
2048	37
2049	25
2050	29
2051	36
2052	41
2053	35
2054	33
2055	39
2056	32
2057	27
2058	45
2059	47
2060	35
2061	34
2062	35
2063	40
2064	28
2065	32
2066	39
2067	26
2068	39
2069	29
2070	44
2071	27
2072	30
2073	35
2074	31
2075	31
2076	39
2077	34
2078	47
2079	37
2080	34
2081	34
2082	35
2083	33
2084	29
2085	41
2086	35
2087	32
2088	33
2089	43
2090	41
2091	32
2092	28
2093	28
2094	35
2095	26
2096	32
2097	24
2098	28
2099	26
2100	37
2101	35
2102	28
2103	28
2104	35
2105	32
2106	25
2107	35
2108	27
2109	28
2110	42
2111	31
2112	30
2113	25
2114	26
2115	27
2116	32
2117	30
2118	26
2119	22
2120	20
2121	34
2122	33
2123	29
2124	28
2125	39
2126	32
2127	31
2128	29
2129	29
2130	26
2131	21
2132	33
2133	23
2134	27
2135	24
2136	26
2137	30
2138	18
2139	25
2140	33
2141	24
2142	23
2143	25
2144	24
2145	26
2146	34
2147	25
2148	24
2149	25
2150	27
2151	19
2152	28
2153	17
2154	30
2155	26
2156	26
2157	26
2158	14
2159	29
2160	19
2161	20
2162	27
2163	35
2164	16
2165	23
2166	24
2167	28
2168	25
2169	32
2170	30
2171	28
2172	30
2173	25
2174	18
2175	23
2176	16
2177	35
2178	24
2179	24
2180	37
2181	26
2182	29
2183	18
2184	27
2185	17
2186	31
2187	27
2188	21
2189	19
2190	26
2191	25
2192	24
2193	34
2194	28
2195	20
2196	28
2197	21
2198	32
2199	22
2200	18
2201	23
2202	23
2203	21
2204	24
2205	19
2206	22
2207	32
2208	23
2209	24
2210	22
2211	21
2212	15
2213	22
2214	37
2215	17
2216	29
2217	26
2218	22
2219	19
2220	30
2221	16
2222	24
2223	14
2224	20
2225	24
2226	31
2227	21
2228	25
2229	22
2230	19
2231	31
2232	27
2233	21
2234	24
2235	22
2236	23
2237	25
2238	18
2239	21
2240	17
2241	35
2242	21
2243	18
2244	20
2245	16
2246	23
2247	18
2248	20
2249	27
2250	19
2251	30
2252	18
2253	19
2254	24
2255	19
2256	21
2257	19
2258	18
2259	20
2260	22
2261	22
2262	24
2263	25
2264	22
2265	22
2266	24
2267	16
2268	26
2269	21
2270	20
2271	24
2272	21
2273	14
2274	19
2275	12
2276	22
2277	20
2278	17
2279	25
2280	23
2281	19
2282	21
2283	26
2284	24
2285	17
2286	14
2287	13
2288	18
2289	22
2290	18
2291	16
2292	22
2293	26
2294	21
2295	25
2296	24
2297	19
2298	15
2299	25
2300	23
2301	21
2302	21
2303	20
2304	30
2305	16
2306	17
2307	19
2308	16
2309	23
2310	15
2311	19
2312	18
2313	26
2314	17
2315	17
2316	26
2317	16
2318	18
2319	19
2320	30
2321	13
2322	27
2323	19
2324	19
2325	22
2326	18
2327	20
2328	15
2329	30
2330	9
2331	20
2332	20
2333	20
2334	21
2335	15
2336	17
2337	20
2338	18
2339	17
2340	15
2341	9
2342	17
2343	22
2344	9
2345	20
2346	17
2347	21
2348	17
2349	16
2350	24
2351	22
2352	12
2353	18
2354	19
2355	20
2356	19
2357	23
2358	19
2359	18
2360	18
2361	15
2362	20
2363	19
2364	16
2365	11
2366	16
2367	15
2368	13
2369	21
2370	16
2371	18
2372	18
2373	24
2374	21
2375	8
2376	18
2377	15
2378	17
2379	16
2380	20
2381	20
2382	14
2383	14
2384	24
2385	14
2386	15
2387	12
2388	13
2389	24
2390	16
2391	15
2392	16
2393	16
2394	15
2395	17
2396	16
2397	11
2398	18
2399	18
2400	13
2401	22
2402	12
2403	26
2404	21
2405	18
2406	12
2407	14
2408	15
2409	20
2410	16
2411	22
2412	12
2413	22
2414	16
2415	24
2416	12
2417	18
2418	16
2419	18
2420	15
2421	16
2422	15
2423	18
2424	19
2425	17
2426	17
2427	11
2428	12
2429	21
2430	16
2431	26
2432	17
2433	18
2434	22
2435	13
2436	17
2437	12
2438	12
2439	8
2440	20
2441	23
2442	15
2443	21
2444	13
2445	17
2446	16
2447	12
2448	19
2449	12
2450	19
2451	18
2452	23
2453	30
2454	16
2455	17
2456	20
2457	25
2458	10
2459	14
2460	18
2461	15
2462	17
2463	18
2464	18
2465	17
2466	14
2467	12
2468	14
2469	14
2470	13
2471	15
2472	14
2473	13
2474	20
2475	14
2476	12
2477	20
2478	16
2479	15
2480	17
2481	9
2482	14
2483	17
2484	16
2485	19
2486	11
2487	9
2488	15
2489	17
2490	20
2491	22
2492	17
2493	13
2494	13
2495	14
2496	19
2497	10
2498	18
2499	18
2500	22
2501	15
2502	15
2503	22
2504	14
2505	8
2506	15
2507	10
2508	16
2509	25
2510	18
2511	21
2512	23
2513	15
2514	17
2515	14
2516	12
2517	15
2518	11
2519	11
2520	20
2521	10
2522	20
2523	16
2524	13
2525	8
2526	16
2527	16
2528	19
2529	19
2530	12
2531	26
2532	9
2533	16
2534	16
2535	17
2536	11
2537	9
2538	21
2539	18
2540	22
2541	13
2542	14
2543	15
2544	10
2545	10
2546	21
2547	10
2548	8
2549	22
2550	10
2551	15
2552	8
2553	9
2554	12
2555	17
2556	11
2557	12
2558	11
2559	15
2560	17
2561	12
2562	14
2563	23
2564	19
2565	18
2566	15
2567	15
2568	9
2569	15
2570	20
2571	18
2572	12
2573	15
2574	13
2575	16
2576	7
2577	16
2578	18
2579	14
2580	17
2581	16
2582	18
2583	8
2584	15
2585	19
2586	17
2587	14
2588	24
2589	15
2590	15
2591	18
2592	16
2593	10
2594	10
2595	14
2596	7
2597	9
2598	18
2599	18
2600	7
2601	8
2602	17
2603	20
2604	17
2605	11
2606	17
2607	18
2608	12
2609	14
2610	17
2611	16
2612	9
2613	9
2614	6
2615	9
2616	10
2617	10
2618	9
2619	12
2620	16
2621	15
2622	13
2623	15
2624	15
2625	15
2626	7
2627	18
2628	16
2629	19
2630	9
2631	12
2632	23
2633	17
2634	13
2635	21
2636	18
2637	21
2638	21
2639	7
2640	5
2641	12
2642	7
2643	8
2644	8
2645	19
2646	12
2647	12
2648	15
2649	17
2650	19
2651	11
2652	19
2653	12
2654	9
2655	11
2656	13
2657	11
2658	8
2659	14
2660	16
2661	14
2662	10
2663	16
2664	19
2665	10
2666	16
2667	11
2668	7
2669	16
2670	10
2671	8
2672	16
2673	17
2674	18
2675	21
2676	14
2677	19
2678	9
2679	14
2680	17
2681	9
2682	13
2683	15
2684	19
2685	13
2686	14
2687	8
2688	10
2689	19
2690	14
2691	17
2692	17
2693	17
2694	14
2695	14
2696	15
2697	11
2698	18
2699	11
2700	9
2701	7
2702	10
2703	13
2704	15
2705	13
2706	18
2707	11
2708	13
2709	13
2710	16
2711	11
2712	19
2713	10
2714	19
2715	14
2716	11
2717	10
2718	20
2719	16
2720	15
2721	13
2722	12
2723	13
2724	8
2725	17
2726	10
2727	11
2728	16
2729	11
2730	11
2731	13
2732	17
2733	11
2734	11
2735	14
2736	19
2737	18
2738	16
2739	7
2740	14
2741	12
2742	11
2743	18
2744	12
2745	21
2746	13
2747	8
2748	20
2749	11
2750	12
2751	28
2752	13
2753	4
2754	13
2755	13
2756	13
2757	7
2758	17
2759	13
2760	19
2761	17
2762	13
2763	16
2764	16
2765	12
2766	13
2767	10
2768	8
2769	15
2770	9
2771	13
2772	15
2773	14
2774	18
2775	9
2776	17
2777	15
2778	17
2779	13
2780	16
2781	12
2782	11
2783	10
2784	13
2785	12
2786	16
2787	10
2788	12
2789	14
2790	14
2791	17
2792	11
2793	14
2794	19
2795	19
2796	10
2797	16
2798	16
2799	9
2800	10
2801	8
2802	18
2803	8
2804	12
2805	9
2806	8
2807	9
2808	10
2809	15
2810	17
2811	10
2812	18
2813	15
2814	11
2815	21
2816	12
2817	13
2818	11
2819	11
2820	14
2821	11
2822	16
2823	9
2824	6
2825	12
2826	16
2827	9
2828	15
2829	14
2830	8
2831	16
2832	7
2833	9
2834	10
2835	16
2836	20
2837	11
2838	13
2839	21
2840	13
2841	12
2842	15
2843	10
2844	11
2845	11
2846	8
2847	20
2848	13
2849	11
2850	15
2851	18
2852	14
2853	16
2854	15
2855	12
2856	13
2857	15
2858	10
2859	11
2860	16
2861	9
2862	10
2863	11
2864	17
2865	13
2866	14
2867	6
2868	15
2869	10
2870	14
2871	16
2872	15
2873	10
2874	8
2875	14
2876	9
2877	9
2878	17
2879	13
2880	8
2881	9
2882	14
2883	11
2884	10
2885	10
2886	7
2887	12
2888	6
2889	9
2890	16
2891	6
2892	14
2893	14
2894	11
2895	17
2896	9
2897	10
2898	7
2899	8
2900	10
2901	9
2902	10
2903	8
2904	12
2905	13
2906	9
2907	12
2908	11
2909	14
2910	10
2911	14
2912	10
2913	12
2914	6
2915	13
2916	8
2917	16
2918	12
2919	14
2920	9
2921	13
2922	10
2923	12
2924	6
2925	3
2926	13
2927	7
2928	10
2929	13
2930	18
2931	17
2932	7
2933	14
2934	10
2935	13
2936	16
2937	7
2938	10
2939	7
2940	16
2941	12
2942	12
2943	11
2944	14
2945	10
2946	12
2947	5
2948	14
2949	13
2950	13
2951	12
2952	10
2953	11
2954	12
2955	14
2956	10
2957	14
2958	10
2959	7
2960	14
2961	13
2962	6
2963	12
2964	12
2965	13
2966	6
2967	9
2968	12
2969	11
2970	13
2971	12
2972	8
2973	8
2974	16
2975	8
2976	7
2977	14
2978	12
2979	12
2980	16
2981	6
2982	13
2983	10
2984	17
2985	14
2986	8
2987	18
2988	7
2989	11
2990	8
2991	11
2992	9
2993	13
2994	10
2995	15
2996	14
2997	13
2998	16
2999	8
3000	11
3001	11
3002	18
3003	15
3004	11
3005	10
3006	10
3007	13
3008	11
3009	10
3010	9
3011	12
3012	7
3013	13
3014	15
3015	15
3016	11
3017	12
3018	12
3019	9
3020	13
3021	13
3022	11
3023	12
3024	21
3025	9
3026	12
3027	16
3028	7
3029	12
3030	11
3031	12
3032	15
3033	14
3034	11
3035	16
3036	15
3037	13
3038	11
3039	14
3040	7
3041	21
3042	9
3043	6
3044	10
3045	12
3046	7
3047	14
3048	14
3049	17
3050	11
3051	18
3052	8
3053	14
3054	13
3055	11
3056	7
3057	12
3058	7
3059	15
3060	11
3061	9
3062	11
3063	13
3064	10
3065	10
3066	13
3067	7
3068	14
3069	10
3070	6
3071	13
3072	5
3073	16
3074	11
3075	18
3076	6
3077	11
3078	13
3079	15
3080	7
3081	8
3082	15
3083	12
3084	15
3085	8
3086	7
3087	9
3088	10
3089	11
3090	13
3091	15
3092	8
3093	19
3094	14
3095	9
3096	8
3097	17
3098	12
3099	12
3100	12
3101	13
3102	12
3103	13
3104	8
3105	19
3106	9
3107	14
3108	9
3109	17
3110	13
3111	14
3112	11
3113	20
3114	12
3115	12
3116	9
3117	10
3118	9
3119	17
3120	10
3121	10
3122	10
3123	9
3124	15
3125	14
3126	10
3127	11
3128	9
3129	14
3130	10
3131	6
3132	12
3133	10
3134	8
3135	12
3136	13
3137	11
3138	12
3139	16
3140	10
3141	13
3142	7
3143	11
3144	6
3145	10
3146	8
3147	12
3148	7
3149	9
3150	10
3151	10
3152	17
3153	9
3154	9
3155	12
3156	17
3157	15
3158	14
3159	2
3160	12
3161	10
3162	9
3163	15
3164	10
3165	5
3166	10
3167	13
3168	7
3169	13
3170	11
3171	10
3172	7
3173	14
3174	17
3175	14
3176	9
3177	10
3178	11
3179	18
3180	9
3181	12
3182	12
3183	11
3184	10
3185	9
3186	8
3187	7
3188	4
3189	8
3190	9
3191	8
3192	12
3193	14
3194	11
3195	9
3196	12
3197	14
3198	11
3199	11
3200	9
3201	12
3202	15
3203	8
3204	14
3205	13
3206	14
3207	10
3208	14
3209	13
3210	7
3211	11
3212	11
3213	8
3214	9
3215	8
3216	9
3217	8
3218	10
3219	11
3220	10
3221	15
3222	10
3223	8
3224	18
3225	12
3226	6
3227	11
3228	7
3229	10
3230	9
3231	9
3232	7
3233	9
3234	6
3235	19
3236	9
3237	12
3238	4
3239	10
3240	13
3241	11
3242	8
3243	6
3244	6
3245	6
3246	12
3247	13
3248	11
3249	15
3250	14
3251	10
3252	8
3253	8
3254	6
3255	14
3256	15
3257	10
3258	14
3259	9
3260	11
3261	12
3262	7
3263	10
3264	7
3265	9
3266	11
3267	16
3268	13
3269	13
3270	11
3271	13
3272	12
3273	7
3274	10
3275	7
3276	8
3277	7
3278	8
3279	9
3280	14
3281	14
3282	14
3283	14
3284	7
3285	5
3286	12
3287	7
3288	13
3289	14
3290	15
3291	13
3292	9
3293	14
3294	17
3295	9
3296	14
3297	10
3298	7
3299	12
3300	12
3301	6
3302	5
3303	13
3304	8
3305	14
3306	12
3307	11
3308	9
3309	16
3310	7
3311	13
3312	11
3313	11
3314	9
3315	9
3316	13
3317	13
3318	8
3319	7
3320	11
3321	14
3322	7
3323	8
3324	15
3325	12
3326	14
3327	15
3328	11
3329	15
3330	10
3331	11
3332	9
3333	12
3334	8
3335	14
3336	7
3337	7
3338	9
3339	6
3340	10
3341	15
3342	15
3343	9
3344	8
3345	11
3346	8
3347	12
3348	9
3349	9
3350	9
3351	7
3352	11
3353	12
3354	13
3355	7
3356	7
3357	6
3358	9
3359	16
3360	12
3361	10
3362	13
3363	10
3364	12
3365	13
3366	8
3367	4
3368	15
3369	10
3370	10
3371	13
3372	6
3373	9
3374	9
3375	10
3376	10
3377	7
3378	9
3379	13
3380	4
3381	9
3382	9
3383	12
3384	11
3385	10
3386	8
3387	6
3388	14
3389	6
3390	14
3391	12
3392	10
3393	10
3394	13
3395	10
3396	11
3397	11
3398	14
3399	8
3400	9
3401	11
3402	6
3403	8
3404	9
3405	14
3406	8
3407	8
3408	6
3409	10
3410	8
3411	10
3412	5
3413	3
3414	9
3415	10
3416	8
3417	5
3418	9
3419	12
3420	7
3421	12
3422	10
3423	11
3424	8
3425	19
3426	9
3427	10
3428	6
3429	7
3430	9
3431	9
3432	11
3433	8
3434	14
3435	3
3436	12
3437	13
3438	10
3439	15
3440	6
3441	9
3442	12
3443	14
3444	9
3445	12
3446	4
3447	9
3448	12
3449	9
3450	12
3451	14
3452	2
3453	14
3454	10
3455	11
3456	8
3457	15
3458	7
3459	7
3460	11
3461	9
3462	7
3463	11
3464	9
3465	6
3466	9
3467	13
3468	11
3469	12
3470	18
3471	14
3472	16
3473	9
3474	19
3475	8
3476	3
3477	15
3478	4
3479	6
3480	7
3481	11
3482	7
3483	16
3484	10
3485	9
3486	10
3487	11
3488	6
3489	10
3490	9
3491	11
3492	12
3493	10
3494	9
3495	11
3496	12
3497	9
3498	10
3499	9
3500	8
3501	15
3502	12
3503	11
3504	12
3505	11
3506	8
3507	6
3508	12
3509	10
3510	8
3511	11
3512	7
3513	6
3514	7
3515	8
3516	5
3517	12
3518	8
3519	10
3520	12
3521	4
3522	17
3523	15
3524	9
3525	10
3526	5
3527	10
3528	10
3529	11
3530	6
3531	5
3532	5
3533	6
3534	12
3535	5
3536	8
3537	13
3538	9
3539	16
3540	7
3541	6
3542	12
3543	7
3544	12
3545	9
3546	10
3547	7
3548	8
3549	7
3550	8
3551	4
3552	14
3553	5
3554	9
3555	5
3556	6
3557	4
3558	9
3559	10
3560	9
3561	9
3562	9
3563	11
3564	6
3565	5
3566	9
3567	9
3568	12
3569	6
3570	15
3571	10
3572	5
3573	12
3574	6
3575	2
3576	19
3577	6
3578	8
3579	4
3580	4
3581	8
3582	12
3583	11
3584	9
3585	4
3586	1
3587	9
3588	8
3589	12
3590	8
3591	7
3592	1
3593	12
3594	9
3595	6
3596	14
3597	8
3598	7
3599	12
3600	9
3601	4
3602	8
3603	13
3604	9
3605	4
3606	7
3607	7
3608	7
3609	7
3610	10
3611	10
3612	8
3613	9
3614	6
3615	7
3616	8
3617	4
3618	6
3619	9
3620	10
3621	10
3622	10
3623	7
3624	6
3625	6
3626	15
3627	7
3628	8
3629	8
3630	11
3631	8
3632	3
3633	8
3634	8
3635	11
3636	13
3637	9
3638	8
3639	8
3640	5
3641	5
3642	8
3643	12
3644	6
3645	8
3646	11
3647	11
3648	12
3649	7
3650	6
3651	9
3652	8
3653	12
3654	5
3655	10
3656	8
3657	10
3658	7
3659	1
3660	8
3661	7
3662	7
3663	10
3664	3
3665	5
3666	5
3667	11
3668	9
3669	3
3670	7
3671	7
3672	10
3673	5
3674	10
3675	9
3676	5
3677	3
3678	6
3679	6
3680	7
3681	9
3682	8
3683	8
3684	11
3685	7
3686	5
3687	8
3688	7
3689	12
3690	4
3691	8
3692	2
3693	8
3694	10
3695	8
3696	8
3697	7
3698	6
3699	9
3700	8
3701	2
3702	6
3703	11
3704	13
3705	11
3706	6
3707	10
3708	6
3709	8
3710	11
3711	3
3712	13
3713	9
3714	9
3715	12
3716	12
3717	7
3718	7
3719	7
3720	6
3721	4
3722	4
3723	4
3724	12
3725	7
3726	11
3727	11
3728	12
3729	8
3730	12
3731	1
3732	7
3733	6
3734	8
3735	7
3736	6
3737	7
3738	5
3739	6
3740	13
3741	7
3742	4
3743	6
3744	5
3745	1
3746	10
3747	3
3748	4
3749	8
3750	6
3751	7
3752	3
3753	4
3754	6
3755	5
3756	3
3757	4
3758	7
3759	6
3760	6
3761	3
3762	11
3763	7
3764	6
3765	7
3766	14
3767	8
3768	9
3769	5
3770	2
3771	7
3772	5
3773	6
3774	8
3775	7
3776	4
3777	7
3778	3
3779	5
3780	7
3781	3
3782	3
3783	6
3784	8
3785	5
3786	9
3787	9
3788	2
3789	6
3790	13
3791	5
3792	7
3793	7
3794	5
3795	9
3796	6
3797	9
3798	6
3799	11
3800	6
3801	9
3802	6
3803	4
3804	3
3805	2
3806	10
3807	6
3808	9
3809	4
3810	7
3811	5
3812	5
3813	6
3814	6
3815	8
3816	3
3817	7
3818	1
3819	5
3820	7
3821	8
3822	7
3823	3
3824	6
3825	3
3826	6
3827	7
3828	7
3829	9
3830	4
3831	3
3832	6
3833	3
3834	7
3835	7
3836	3
3837	4
3838	4
3839	8
3840	6
3841	3
3842	2
3843	7
3844	9
3845	6
3846	7
3847	5
3848	5
3849	4
3850	3
3851	6
3852	7
3853	4
3854	12
3855	9
3856	6
3857	7
3858	5
3859	4
3860	6
3861	3
3862	3
3863	5
3864	7
3865	8
3866	6
3867	3
3868	4
3869	4
3870	2
3871	5
3872	4
3873	6
3874	6
3875	1
3876	3
3877	7
3878	1
3879	3
3880	5
3881	5
3882	6
3883	3
3884	4
3885	4
3886	4
3887	3
3888	2
3889	8
3890	3
3891	5
3892	8
3893	5
3894	6
3895	5
3896	0
3897	0
3898	0
3899	0
3900	0
3901	0
3902	0
3903	0
3904	0
3905	0
3906	0
3907	0
3908	0
3909	0
3910	0
3911	0
3912	0
3913	0
3914	0
3915	0
3916	0
3917	0
3918	0
3919	0
3920	0
3921	0
3922	0
3923	0
3924	0
3925	0
3926	0
3927	0
3928	0
3929	0
3930	0
3931	0
3932	0
3933	0
3934	0
3935	0
3936	0
3937	0
3938	0
3939	0
3940	0
3941	0
3942	0
3943	0
3944	0
3945	0
3946	0
3947	0
3948	0
3949	0
3950	0
3951	0
3952	0
3953	0
3954	0
3955	0
3956	0
3957	0
3958	0
3959	0
3960	0
3961	0
3962	0
3963	0
3964	0
3965	0
3966	0
3967	0
3968	0
3969	0
3970	0
3971	0
3972	0
3973	0
3974	0
3975	0
3976	0
3977	0
3978	0
3979	0
3980	0
3981	0
3982	0
3983	0
3984	0
3985	0
3986	0
3987	0
3988	0
3989	0
3990	0
3991	0
3992	0
3993	0
3994	0
3995	0
3996	0
3997	0
3998	0
3999	0
4000	0
4001	0
4002	0
4003	0
4004	0
4005	0
4006	0
4007	0
4008	0
4009	0
4010	0
4011	0
4012	0
4013	0
4014	0
4015	0
4016	0
4017	0
4018	0
4019	0
4020	0
4021	0
4022	0
4023	0
4024	0
4025	0
4026	0
4027	0
4028	0
4029	0
4030	0
4031	0
4032	0
4033	0
4034	0
4035	0
4036	0
4037	0
4038	0
4039	0
4040	0
4041	0
4042	0
4043	0
4044	0
4045	0
4046	0
4047	0
4048	0
4049	0
4050	0
4051	0
4052	0
4053	0
4054	0
4055	0
4056	0
4057	0
4058	0
4059	0
4060	0
4061	0
4062	0
4063	0
4064	0
4065	0
4066	0
4067	0
4068	0
4069	0
4070	0
4071	0
4072	0
4073	0
4074	0
4075	0
4076	0
4077	0
4078	0
4079	0
4080	0
4081	0
4082	0
4083	0
4084	0
4085	0
4086	0
4087	0
4088	0
4089	0
4090	0
4091	0
4092	0
4093	0
4094	0
4095	0
4096	0
