Item name: Decay VV

Real time: 10
Live time: 0
Time calibration: 2.743484E-02ns/ch

Comment: 


Chan	Data
1	0
2	0
3	0
4	0
5	0
6	0
7	0
8	0
9	0
10	0
11	0
12	0
13	0
14	0
15	0
16	0
17	0
18	0
19	0
20	0
21	0
22	0
23	0
24	0
25	0
26	0
27	0
28	0
29	0
30	0
31	0
32	0
33	0
34	0
35	0
36	0
37	0
38	0
39	0
40	0
41	0
42	0
43	0
44	0
45	0
46	0
47	0
48	0
49	0
50	0
51	0
52	0
53	0
54	0
55	0
56	0
57	0
58	0
59	0
60	0
61	0
62	0
63	0
64	0
65	0
66	0
67	0
68	0
69	0
70	0
71	0
72	0
73	0
74	0
75	0
76	0
77	0
78	0
79	0
80	0
81	0
82	0
83	0
84	0
85	0
86	0
87	0
88	0
89	0
90	0
91	0
92	0
93	0
94	0
95	0
96	0
97	0
98	0
99	0
100	0
101	0
102	0
103	0
104	0
105	0
106	0
107	0
108	0
109	0
110	0
111	0
112	0
113	0
114	0
115	0
116	0
117	0
118	0
119	0
120	0
121	0
122	0
123	0
124	0
125	0
126	0
127	0
128	0
129	0
130	0
131	0
132	0
133	0
134	0
135	0
136	0
137	0
138	0
139	0
140	0
141	0
142	0
143	0
144	0
145	0
146	0
147	0
148	0
149	0
150	0
151	0
152	0
153	0
154	0
155	0
156	0
157	0
158	0
159	0
160	0
161	0
162	0
163	0
164	0
165	0
166	0
167	0
168	0
169	0
170	0
171	0
172	0
173	0
174	0
175	0
176	0
177	0
178	0
179	0
180	0
181	0
182	0
183	0
184	0
185	0
186	0
187	0
188	0
189	0
190	0
191	0
192	0
193	0
194	0
195	0
196	0
197	0
198	0
199	0
200	0
201	0
202	11
203	9
204	7
205	8
206	9
207	12
208	5
209	11
210	9
211	15
212	4
213	14
214	7
215	11
216	8
217	8
218	7
219	13
220	9
221	10
222	10
223	10
224	6
225	8
226	7
227	11
228	9
229	14
230	7
231	12
232	6
233	15
234	10
235	8
236	10
237	5
238	4
239	8
240	3
241	13
242	6
243	14
244	7
245	9
246	5
247	2
248	2
249	4
250	14
251	14
252	5
253	13
254	5
255	11
256	8
257	5
258	12
259	6
260	10
261	6
262	5
263	9
264	7
265	10
266	6
267	13
268	6
269	8
270	5
271	7
272	11
273	9
274	12
275	13
276	7
277	10
278	6
279	7
280	7
281	7
282	11
283	8
284	8
285	6
286	7
287	7
288	6
289	11
290	7
291	3
292	12
293	9
294	9
295	5
296	6
297	14
298	6
299	10
300	9
301	10
302	9
303	6
304	7
305	8
306	13
307	4
308	11
309	6
310	6
311	7
312	9
313	14
314	12
315	11
316	4
317	6
318	5
319	7
320	7
321	7
322	16
323	3
324	6
325	6
326	10
327	16
328	8
329	5
330	7
331	5
332	6
333	7
334	11
335	6
336	10
337	9
338	5
339	6
340	10
341	13
342	6
343	10
344	12
345	9
346	7
347	6
348	10
349	5
350	9
351	7
352	9
353	8
354	7
355	6
356	15
357	7
358	10
359	6
360	10
361	4
362	6
363	7
364	8
365	9
366	8
367	6
368	12
369	7
370	6
371	6
372	7
373	3
374	9
375	12
376	4
377	3
378	9
379	10
380	8
381	8
382	8
383	9
384	5
385	8
386	8
387	11
388	5
389	13
390	15
391	8
392	11
393	4
394	11
395	15
396	8
397	9
398	3
399	9
400	14
401	9
402	8
403	9
404	10
405	7
406	2
407	8
408	9
409	11
410	5
411	7
412	7
413	9
414	9
415	4
416	10
417	14
418	5
419	15
420	11
421	7
422	9
423	12
424	9
425	6
426	11
427	8
428	6
429	10
430	7
431	10
432	7
433	15
434	13
435	13
436	6
437	5
438	6
439	9
440	5
441	6
442	6
443	10
444	8
445	8
446	6
447	10
448	5
449	7
450	7
451	11
452	6
453	12
454	5
455	10
456	10
457	11
458	7
459	8
460	5
461	21
462	5
463	10
464	9
465	7
466	9
467	9
468	8
469	21
470	6
471	9
472	8
473	6
474	10
475	11
476	10
477	4
478	8
479	8
480	5
481	6
482	2
483	10
484	4
485	8
486	12
487	5
488	12
489	9
490	9
491	6
492	7
493	4
494	5
495	4
496	10
497	11
498	9
499	9
500	12
501	11
502	6
503	10
504	11
505	8
506	12
507	8
508	15
509	8
510	6
511	11
512	10
513	8
514	8
515	4
516	4
517	8
518	10
519	8
520	10
521	11
522	5
523	6
524	6
525	9
526	6
527	9
528	10
529	8
530	8
531	8
532	5
533	5
534	9
535	8
536	6
537	14
538	6
539	8
540	6
541	2
542	12
543	13
544	11
545	9
546	7
547	13
548	10
549	8
550	11
551	9
552	7
553	7
554	9
555	7
556	11
557	8
558	5
559	10
560	7
561	10
562	7
563	8
564	9
565	8
566	6
567	8
568	9
569	13
570	9
571	3
572	5
573	9
574	12
575	11
576	8
577	12
578	10
579	8
580	12
581	9
582	8
583	3
584	10
585	13
586	5
587	11
588	9
589	9
590	7
591	9
592	6
593	7
594	1
595	6
596	13
597	11
598	3
599	3
600	7
601	5
602	13
603	8
604	8
605	4
606	11
607	7
608	10
609	13
610	5
611	9
612	8
613	8
614	7
615	8
616	12
617	7
618	9
619	1
620	5
621	7
622	7
623	3
624	5
625	6
626	8
627	5
628	4
629	13
630	5
631	1
632	17
633	7
634	8
635	9
636	6
637	11
638	17
639	9
640	8
641	6
642	5
643	13
644	9
645	3
646	9
647	5
648	7
649	6
650	11
651	9
652	7
653	8
654	6
655	8
656	12
657	7
658	8
659	11
660	10
661	8
662	14
663	9
664	8
665	6
666	9
667	9
668	6
669	6
670	4
671	12
672	10
673	5
674	10
675	6
676	6
677	13
678	8
679	8
680	7
681	10
682	7
683	8
684	3
685	5
686	9
687	5
688	10
689	9
690	6
691	14
692	8
693	5
694	7
695	10
696	6
697	8
698	4
699	5
700	8
701	10
702	5
703	6
704	9
705	5
706	10
707	9
708	9
709	6
710	13
711	11
712	3
713	6
714	8
715	6
716	6
717	5
718	5
719	10
720	7
721	6
722	7
723	6
724	12
725	4
726	11
727	7
728	6
729	5
730	6
731	7
732	10
733	8
734	9
735	9
736	7
737	5
738	8
739	4
740	7
741	6
742	7
743	13
744	4
745	7
746	8
747	11
748	8
749	7
750	9
751	10
752	6
753	6
754	6
755	4
756	5
757	6
758	6
759	4
760	7
761	3
762	6
763	10
764	10
765	7
766	3
767	9
768	13
769	11
770	6
771	13
772	5
773	7
774	11
775	10
776	10
777	11
778	9
779	7
780	6
781	8
782	7
783	10
784	8
785	8
786	10
787	11
788	6
789	4
790	9
791	8
792	3
793	4
794	5
795	8
796	7
797	5
798	5
799	9
800	8
801	6
802	10
803	4
804	5
805	8
806	9
807	8
808	11
809	5
810	7
811	11
812	6
813	5
814	7
815	5
816	6
817	8
818	9
819	6
820	11
821	4
822	8
823	9
824	7
825	10
826	8
827	6
828	10
829	8
830	12
831	5
832	9
833	11
834	4
835	9
836	8
837	9
838	6
839	12
840	7
841	10
842	8
843	5
844	9
845	7
846	11
847	11
848	8
849	14
850	2
851	5
852	9
853	13
854	10
855	7
856	7
857	5
858	7
859	5
860	11
861	3
862	10
863	14
864	4
865	8
866	7
867	9
868	10
869	5
870	4
871	11
872	3
873	7
874	3
875	10
876	15
877	5
878	10
879	8
880	6
881	7
882	4
883	7
884	8
885	14
886	10
887	8
888	5
889	10
890	12
891	5
892	8
893	9
894	11
895	11
896	7
897	5
898	6
899	10
900	3
901	7
902	4
903	9
904	9
905	6
906	7
907	7
908	2
909	7
910	8
911	2
912	5
913	4
914	11
915	4
916	11
917	5
918	13
919	6
920	6
921	14
922	6
923	13
924	8
925	9
926	4
927	12
928	8
929	2
930	2
931	7
932	5
933	8
934	2
935	8
936	8
937	5
938	5
939	4
940	9
941	9
942	6
943	3
944	8
945	5
946	11
947	8
948	12
949	9
950	6
951	7
952	6
953	6
954	7
955	6
956	6
957	7
958	6
959	6
960	2
961	4
962	14
963	7
964	7
965	9
966	5
967	8
968	5
969	6
970	8
971	7
972	3
973	8
974	4
975	5
976	9
977	10
978	7
979	10
980	5
981	8
982	10
983	5
984	8
985	9
986	10
987	8
988	8
989	4
990	6
991	12
992	4
993	11
994	5
995	8
996	11
997	6
998	13
999	6
1000	9
1001	8
1002	9
1003	16
1004	10
1005	7
1006	12
1007	16
1008	24
1009	28
1010	40
1011	69
1012	144
1013	349
1014	650
1015	1380
1016	2307
1017	3818
1018	5289
1019	7058
1020	8905
1021	10708
1022	11911
1023	13375
1024	14013
1025	14823
1026	15307
1027	15611
1028	15928
1029	16192
1030	16381
1031	16552
1032	16247
1033	16304
1034	16305
1035	16384
1036	16342
1037	16182
1038	16126
1039	15932
1040	15788
1041	15672
1042	15455
1043	15237
1044	15215
1045	15129
1046	14953
1047	14718
1048	14177
1049	14390
1050	14218
1051	13897
1052	13727
1053	13637
1054	13432
1055	13230
1056	13222
1057	13174
1058	13080
1059	12721
1060	12774
1061	12335
1062	12556
1063	12510
1064	12240
1065	12006
1066	12181
1067	11781
1068	11689
1069	11707
1070	11363
1071	11419
1072	11324
1073	11241
1074	11011
1075	11042
1076	10835
1077	10574
1078	10642
1079	10554
1080	10395
1081	10199
1082	10295
1083	10099
1084	10006
1085	9914
1086	9935
1087	9686
1088	9659
1089	9579
1090	9365
1091	9128
1092	8947
1093	9042
1094	9097
1095	8977
1096	8748
1097	8813
1098	8681
1099	8541
1100	8591
1101	8356
1102	8198
1103	8162
1104	8096
1105	7914
1106	7874
1107	7899
1108	7942
1109	7707
1110	7827
1111	7814
1112	7681
1113	7385
1114	7376
1115	7410
1116	7276
1117	7146
1118	7057
1119	7072
1120	7065
1121	7077
1122	6864
1123	6795
1124	6832
1125	6630
1126	6546
1127	6523
1128	6507
1129	6540
1130	6452
1131	6386
1132	6346
1133	6342
1134	6300
1135	6000
1136	6152
1137	5974
1138	5993
1139	5863
1140	5936
1141	5814
1142	5663
1143	5627
1144	5520
1145	5711
1146	5598
1147	5619
1148	5500
1149	5353
1150	5310
1151	5275
1152	5358
1153	5115
1154	5119
1155	5147
1156	5096
1157	5062
1158	4951
1159	5051
1160	4831
1161	4890
1162	4785
1163	4738
1164	4814
1165	4657
1166	4699
1167	4604
1168	4595
1169	4512
1170	4498
1171	4400
1172	4431
1173	4323
1174	4395
1175	4308
1176	4266
1177	4275
1178	4281
1179	4089
1180	4113
1181	3991
1182	4164
1183	4011
1184	4005
1185	4025
1186	3807
1187	3910
1188	3895
1189	3940
1190	3806
1191	3715
1192	3739
1193	3736
1194	3710
1195	3688
1196	3659
1197	3455
1198	3550
1199	3519
1200	3439
1201	3487
1202	3435
1203	3417
1204	3355
1205	3392
1206	3250
1207	3331
1208	3374
1209	3294
1210	3250
1211	3073
1212	3229
1213	3211
1214	3080
1215	3108
1216	3137
1217	3128
1218	3012
1219	3060
1220	2940
1221	2958
1222	2938
1223	2929
1224	2896
1225	2782
1226	2765
1227	2795
1228	2832
1229	2751
1230	2761
1231	2760
1232	2764
1233	2633
1234	2652
1235	2741
1236	2582
1237	2535
1238	2602
1239	2535
1240	2504
1241	2492
1242	2534
1243	2517
1244	2535
1245	2516
1246	2384
1247	2408
1248	2424
1249	2374
1250	2334
1251	2390
1252	2267
1253	2400
1254	2244
1255	2249
1256	2268
1257	2215
1258	2244
1259	2156
1260	2194
1261	2140
1262	2123
1263	2146
1264	2128
1265	2074
1266	2126
1267	2033
1268	2042
1269	1987
1270	2002
1271	1965
1272	1976
1273	1972
1274	2038
1275	1982
1276	1883
1277	1969
1278	1942
1279	1874
1280	1928
1281	1784
1282	1821
1283	1816
1284	1870
1285	1816
1286	1751
1287	1727
1288	1768
1289	1727
1290	1781
1291	1723
1292	1762
1293	1709
1294	1802
1295	1710
1296	1662
1297	1615
1298	1613
1299	1670
1300	1610
1301	1650
1302	1570
1303	1551
1304	1607
1305	1595
1306	1542
1307	1497
1308	1520
1309	1490
1310	1507
1311	1471
1312	1450
1313	1446
1314	1462
1315	1428
1316	1433
1317	1384
1318	1333
1319	1413
1320	1446
1321	1499
1322	1379
1323	1420
1324	1367
1325	1353
1326	1324
1327	1405
1328	1330
1329	1282
1330	1316
1331	1249
1332	1248
1333	1261
1334	1218
1335	1247
1336	1273
1337	1261
1338	1250
1339	1262
1340	1195
1341	1167
1342	1200
1343	1139
1344	1207
1345	1191
1346	1198
1347	1206
1348	1087
1349	1119
1350	1119
1351	1173
1352	1092
1353	1152
1354	1131
1355	1107
1356	1036
1357	1049
1358	1083
1359	1057
1360	1047
1361	1048
1362	1069
1363	1019
1364	1017
1365	1052
1366	1021
1367	996
1368	981
1369	938
1370	997
1371	938
1372	980
1373	973
1374	994
1375	968
1376	953
1377	903
1378	965
1379	919
1380	942
1381	920
1382	961
1383	884
1384	908
1385	911
1386	887
1387	831
1388	875
1389	861
1390	910
1391	877
1392	886
1393	838
1394	782
1395	843
1396	801
1397	779
1398	763
1399	778
1400	800
1401	803
1402	769
1403	749
1404	795
1405	765
1406	789
1407	762
1408	801
1409	728
1410	758
1411	743
1412	715
1413	740
1414	717
1415	712
1416	698
1417	713
1418	721
1419	721
1420	706
1421	722
1422	664
1423	696
1424	706
1425	659
1426	673
1427	651
1428	659
1429	654
1430	645
1431	673
1432	604
1433	637
1434	620
1435	670
1436	601
1437	599
1438	654
1439	666
1440	615
1441	602
1442	605
1443	581
1444	592
1445	604
1446	620
1447	554
1448	595
1449	578
1450	608
1451	557
1452	559
1453	544
1454	510
1455	552
1456	515
1457	599
1458	550
1459	534
1460	531
1461	499
1462	536
1463	555
1464	478
1465	512
1466	490
1467	513
1468	476
1469	529
1470	494
1471	461
1472	473
1473	556
1474	507
1475	446
1476	451
1477	471
1478	493
1479	497
1480	438
1481	460
1482	480
1483	492
1484	443
1485	462
1486	423
1487	481
1488	402
1489	440
1490	443
1491	436
1492	444
1493	427
1494	440
1495	437
1496	443
1497	425
1498	419
1499	410
1500	391
1501	425
1502	412
1503	407
1504	417
1505	382
1506	410
1507	370
1508	410
1509	388
1510	405
1511	379
1512	384
1513	396
1514	390
1515	372
1516	361
1517	368
1518	344
1519	398
1520	321
1521	375
1522	386
1523	337
1524	338
1525	372
1526	335
1527	318
1528	358
1529	348
1530	332
1531	364
1532	330
1533	318
1534	332
1535	302
1536	316
1537	335
1538	307
1539	337
1540	318
1541	308
1542	321
1543	319
1544	294
1545	317
1546	291
1547	335
1548	308
1549	313
1550	313
1551	306
1552	312
1553	284
1554	293
1555	289
1556	278
1557	290
1558	291
1559	250
1560	274
1561	292
1562	265
1563	278
1564	270
1565	291
1566	280
1567	282
1568	292
1569	278
1570	266
1571	268
1572	257
1573	271
1574	272
1575	248
1576	247
1577	266
1578	220
1579	245
1580	226
1581	245
1582	245
1583	248
1584	243
1585	274
1586	271
1587	234
1588	235
1589	249
1590	223
1591	252
1592	211
1593	237
1594	237
1595	239
1596	220
1597	200
1598	209
1599	225
1600	209
1601	225
1602	215
1603	238
1604	209
1605	234
1606	209
1607	218
1608	232
1609	205
1610	205
1611	221
1612	212
1613	183
1614	182
1615	214
1616	193
1617	201
1618	203
1619	199
1620	241
1621	226
1622	197
1623	191
1624	196
1625	224
1626	179
1627	195
1628	202
1629	179
1630	187
1631	205
1632	165
1633	174
1634	173
1635	157
1636	208
1637	154
1638	168
1639	186
1640	183
1641	164
1642	189
1643	160
1644	190
1645	167
1646	151
1647	155
1648	155
1649	159
1650	161
1651	166
1652	169
1653	181
1654	169
1655	174
1656	164
1657	171
1658	149
1659	153
1660	147
1661	180
1662	160
1663	162
1664	147
1665	152
1666	146
1667	146
1668	153
1669	134
1670	143
1671	152
1672	127
1673	122
1674	161
1675	155
1676	142
1677	153
1678	151
1679	151
1680	129
1681	130
1682	150
1683	141
1684	139
1685	146
1686	138
1687	123
1688	140
1689	148
1690	153
1691	127
1692	120
1693	160
1694	136
1695	121
1696	125
1697	116
1698	130
1699	137
1700	108
1701	131
1702	130
1703	114
1704	127
1705	123
1706	140
1707	121
1708	122
1709	141
1710	128
1711	126
1712	121
1713	123
1714	109
1715	105
1716	123
1717	101
1718	112
1719	127
1720	116
1721	129
1722	122
1723	104
1724	115
1725	106
1726	112
1727	104
1728	101
1729	115
1730	101
1731	109
1732	91
1733	102
1734	127
1735	100
1736	101
1737	103
1738	121
1739	111
1740	90
1741	80
1742	90
1743	97
1744	105
1745	96
1746	102
1747	114
1748	101
1749	86
1750	104
1751	86
1752	104
1753	97
1754	89
1755	86
1756	104
1757	93
1758	94
1759	84
1760	98
1761	93
1762	87
1763	87
1764	103
1765	91
1766	88
1767	88
1768	93
1769	72
1770	85
1771	72
1772	83
1773	77
1774	87
1775	68
1776	92
1777	94
1778	81
1779	85
1780	72
1781	70
1782	87
1783	85
1784	80
1785	69
1786	71
1787	88
1788	86
1789	81
1790	80
1791	79
1792	81
1793	85
1794	84
1795	79
1796	69
1797	82
1798	69
1799	66
1800	87
1801	68
1802	56
1803	74
1804	73
1805	71
1806	79
1807	62
1808	77
1809	72
1810	87
1811	70
1812	64
1813	78
1814	84
1815	80
1816	69
1817	71
1818	66
1819	61
1820	76
1821	87
1822	77
1823	72
1824	70
1825	73
1826	65
1827	54
1828	68
1829	65
1830	73
1831	68
1832	66
1833	52
1834	66
1835	60
1836	65
1837	72
1838	65
1839	60
1840	71
1841	69
1842	76
1843	60
1844	71
1845	57
1846	67
1847	47
1848	57
1849	75
1850	48
1851	64
1852	56
1853	58
1854	66
1855	71
1856	63
1857	67
1858	61
1859	41
1860	62
1861	65
1862	52
1863	58
1864	57
1865	62
1866	51
1867	58
1868	60
1869	51
1870	54
1871	57
1872	58
1873	61
1874	49
1875	51
1876	49
1877	41
1878	36
1879	58
1880	57
1881	56
1882	47
1883	66
1884	68
1885	41
1886	40
1887	41
1888	40
1889	59
1890	51
1891	42
1892	43
1893	45
1894	46
1895	57
1896	54
1897	40
1898	47
1899	34
1900	46
1901	62
1902	44
1903	51
1904	49
1905	43
1906	60
1907	58
1908	51
1909	66
1910	41
1911	40
1912	58
1913	43
1914	48
1915	58
1916	41
1917	48
1918	47
1919	36
1920	49
1921	41
1922	39
1923	43
1924	52
1925	47
1926	45
1927	43
1928	46
1929	46
1930	49
1931	50
1932	49
1933	39
1934	42
1935	38
1936	37
1937	44
1938	36
1939	37
1940	41
1941	38
1942	44
1943	49
1944	40
1945	42
1946	46
1947	43
1948	47
1949	60
1950	42
1951	37
1952	50
1953	45
1954	39
1955	56
1956	39
1957	43
1958	48
1959	43
1960	52
1961	39
1962	35
1963	38
1964	53
1965	35
1966	34
1967	39
1968	40
1969	45
1970	30
1971	38
1972	33
1973	35
1974	36
1975	41
1976	50
1977	42
1978	48
1979	24
1980	30
1981	39
1982	43
1983	34
1984	39
1985	27
1986	27
1987	43
1988	32
1989	39
1990	27
1991	27
1992	40
1993	34
1994	27
1995	22
1996	31
1997	39
1998	19
1999	30
2000	33
2001	42
2002	36
2003	31
2004	39
2005	33
2006	31
2007	29
2008	34
2009	33
2010	30
2011	33
2012	38
2013	33
2014	39
2015	29
2016	36
2017	46
2018	24
2019	31
2020	35
2021	21
2022	31
2023	36
2024	32
2025	44
2026	26
2027	33
2028	24
2029	39
2030	35
2031	34
2032	36
2033	36
2034	30
2035	35
2036	29
2037	24
2038	33
2039	38
2040	32
2041	31
2042	31
2043	25
2044	24
2045	38
2046	42
2047	32
2048	30
2049	31
2050	26
2051	36
2052	38
2053	17
2054	32
2055	28
2056	31
2057	31
2058	33
2059	34
2060	16
2061	23
2062	27
2063	34
2064	34
2065	28
2066	29
2067	23
2068	27
2069	19
2070	36
2071	32
2072	32
2073	21
2074	19
2075	29
2076	32
2077	22
2078	25
2079	22
2080	22
2081	29
2082	26
2083	24
2084	32
2085	22
2086	37
2087	26
2088	31
2089	29
2090	21
2091	22
2092	26
2093	27
2094	37
2095	19
2096	27
2097	27
2098	37
2099	21
2100	31
2101	25
2102	28
2103	23
2104	19
2105	18
2106	22
2107	22
2108	22
2109	31
2110	28
2111	22
2112	23
2113	19
2114	22
2115	27
2116	23
2117	19
2118	25
2119	32
2120	19
2121	22
2122	29
2123	25
2124	32
2125	22
2126	23
2127	14
2128	23
2129	23
2130	19
2131	26
2132	20
2133	24
2134	21
2135	23
2136	32
2137	20
2138	32
2139	25
2140	23
2141	19
2142	27
2143	36
2144	22
2145	23
2146	21
2147	26
2148	28
2149	22
2150	19
2151	24
2152	19
2153	24
2154	25
2155	23
2156	19
2157	22
2158	17
2159	26
2160	24
2161	21
2162	20
2163	20
2164	21
2165	18
2166	23
2167	25
2168	25
2169	26
2170	22
2171	26
2172	22
2173	21
2174	23
2175	20
2176	20
2177	17
2178	16
2179	21
2180	20
2181	22
2182	26
2183	14
2184	21
2185	19
2186	19
2187	21
2188	25
2189	22
2190	25
2191	22
2192	25
2193	25
2194	26
2195	19
2196	24
2197	14
2198	21
2199	27
2200	23
2201	26
2202	25
2203	23
2204	17
2205	21
2206	14
2207	13
2208	12
2209	25
2210	15
2211	22
2212	16
2213	23
2214	24
2215	17
2216	25
2217	21
2218	18
2219	17
2220	23
2221	27
2222	22
2223	23
2224	15
2225	19
2226	17
2227	25
2228	25
2229	23
2230	19
2231	12
2232	17
2233	12
2234	21
2235	24
2236	26
2237	27
2238	19
2239	22
2240	20
2241	18
2242	23
2243	23
2244	17
2245	20
2246	18
2247	16
2248	21
2249	16
2250	15
2251	21
2252	13
2253	13
2254	29
2255	19
2256	18
2257	20
2258	16
2259	21
2260	18
2261	13
2262	19
2263	23
2264	21
2265	17
2266	8
2267	26
2268	11
2269	23
2270	14
2271	15
2272	14
2273	23
2274	23
2275	17
2276	14
2277	27
2278	23
2279	12
2280	16
2281	18
2282	24
2283	23
2284	20
2285	14
2286	18
2287	14
2288	18
2289	19
2290	17
2291	21
2292	24
2293	18
2294	24
2295	18
2296	19
2297	22
2298	21
2299	20
2300	12
2301	31
2302	19
2303	16
2304	15
2305	21
2306	13
2307	16
2308	12
2309	24
2310	26
2311	23
2312	9
2313	20
2314	28
2315	19
2316	22
2317	16
2318	15
2319	19
2320	16
2321	12
2322	17
2323	16
2324	21
2325	22
2326	15
2327	16
2328	11
2329	12
2330	17
2331	18
2332	10
2333	9
2334	21
2335	20
2336	23
2337	14
2338	14
2339	16
2340	20
2341	13
2342	16
2343	14
2344	20
2345	21
2346	18
2347	25
2348	18
2349	13
2350	14
2351	13
2352	24
2353	18
2354	12
2355	20
2356	19
2357	17
2358	20
2359	16
2360	8
2361	13
2362	19
2363	25
2364	14
2365	15
2366	15
2367	13
2368	14
2369	12
2370	16
2371	14
2372	20
2373	25
2374	16
2375	18
2376	16
2377	22
2378	17
2379	10
2380	25
2381	12
2382	18
2383	15
2384	10
2385	18
2386	23
2387	8
2388	9
2389	12
2390	20
2391	16
2392	11
2393	9
2394	20
2395	16
2396	20
2397	10
2398	17
2399	16
2400	11
2401	20
2402	14
2403	21
2404	13
2405	19
2406	21
2407	18
2408	22
2409	14
2410	13
2411	21
2412	11
2413	18
2414	17
2415	17
2416	13
2417	7
2418	12
2419	15
2420	17
2421	17
2422	9
2423	14
2424	14
2425	11
2426	14
2427	19
2428	19
2429	20
2430	13
2431	13
2432	20
2433	14
2434	15
2435	12
2436	14
2437	21
2438	14
2439	19
2440	24
2441	23
2442	11
2443	7
2444	20
2445	17
2446	17
2447	14
2448	16
2449	24
2450	16
2451	19
2452	19
2453	12
2454	21
2455	15
2456	16
2457	17
2458	14
2459	12
2460	11
2461	19
2462	15
2463	11
2464	20
2465	10
2466	4
2467	18
2468	10
2469	18
2470	9
2471	12
2472	16
2473	16
2474	18
2475	16
2476	18
2477	23
2478	7
2479	12
2480	21
2481	20
2482	13
2483	15
2484	6
2485	19
2486	14
2487	16
2488	18
2489	19
2490	9
2491	17
2492	18
2493	18
2494	19
2495	15
2496	10
2497	14
2498	19
2499	16
2500	11
2501	16
2502	12
2503	13
2504	18
2505	13
2506	14
2507	14
2508	15
2509	7
2510	14
2511	13
2512	14
2513	13
2514	16
2515	14
2516	16
2517	13
2518	8
2519	11
2520	14
2521	19
2522	13
2523	15
2524	22
2525	23
2526	11
2527	15
2528	9
2529	15
2530	15
2531	16
2532	19
2533	14
2534	18
2535	11
2536	18
2537	12
2538	12
2539	13
2540	14
2541	19
2542	15
2543	21
2544	15
2545	19
2546	8
2547	12
2548	14
2549	13
2550	12
2551	18
2552	14
2553	13
2554	16
2555	11
2556	14
2557	21
2558	10
2559	14
2560	15
2561	16
2562	13
2563	15
2564	17
2565	10
2566	12
2567	20
2568	16
2569	12
2570	12
2571	16
2572	13
2573	19
2574	14
2575	8
2576	11
2577	18
2578	17
2579	16
2580	11
2581	11
2582	11
2583	15
2584	9
2585	10
2586	18
2587	5
2588	15
2589	18
2590	14
2591	11
2592	16
2593	14
2594	14
2595	14
2596	16
2597	15
2598	15
2599	18
2600	10
2601	14
2602	19
2603	17
2604	11
2605	12
2606	20
2607	10
2608	13
2609	16
2610	11
2611	15
2612	17
2613	9
2614	15
2615	10
2616	11
2617	11
2618	17
2619	17
2620	9
2621	18
2622	18
2623	19
2624	21
2625	16
2626	7
2627	17
2628	14
2629	13
2630	14
2631	19
2632	17
2633	13
2634	15
2635	20
2636	15
2637	14
2638	16
2639	18
2640	12
2641	15
2642	12
2643	8
2644	10
2645	14
2646	7
2647	14
2648	20
2649	11
2650	18
2651	11
2652	12
2653	18
2654	19
2655	11
2656	8
2657	13
2658	16
2659	15
2660	13
2661	11
2662	16
2663	13
2664	9
2665	11
2666	20
2667	7
2668	13
2669	15
2670	16
2671	20
2672	15
2673	16
2674	13
2675	12
2676	15
2677	7
2678	17
2679	12
2680	11
2681	8
2682	18
2683	21
2684	13
2685	14
2686	17
2687	13
2688	7
2689	19
2690	13
2691	10
2692	13
2693	19
2694	7
2695	11
2696	5
2697	13
2698	12
2699	14
2700	15
2701	6
2702	14
2703	12
2704	13
2705	17
2706	11
2707	13
2708	11
2709	11
2710	9
2711	8
2712	18
2713	11
2714	14
2715	10
2716	9
2717	10
2718	12
2719	12
2720	12
2721	13
2722	15
2723	12
2724	13
2725	7
2726	16
2727	13
2728	13
2729	19
2730	18
2731	15
2732	9
2733	14
2734	14
2735	13
2736	10
2737	13
2738	12
2739	19
2740	11
2741	9
2742	9
2743	19
2744	13
2745	11
2746	10
2747	12
2748	11
2749	14
2750	8
2751	10
2752	14
2753	13
2754	12
2755	10
2756	18
2757	14
2758	17
2759	12
2760	8
2761	12
2762	8
2763	19
2764	14
2765	9
2766	18
2767	12
2768	14
2769	15
2770	15
2771	10
2772	6
2773	9
2774	8
2775	18
2776	13
2777	11
2778	17
2779	7
2780	10
2781	14
2782	14
2783	14
2784	16
2785	9
2786	9
2787	9
2788	8
2789	9
2790	14
2791	11
2792	5
2793	13
2794	12
2795	12
2796	17
2797	10
2798	10
2799	16
2800	9
2801	14
2802	14
2803	24
2804	15
2805	11
2806	17
2807	11
2808	7
2809	10
2810	11
2811	13
2812	10
2813	10
2814	16
2815	13
2816	9
2817	10
2818	10
2819	9
2820	11
2821	17
2822	10
2823	15
2824	11
2825	8
2826	11
2827	16
2828	12
2829	13
2830	11
2831	14
2832	14
2833	9
2834	13
2835	8
2836	12
2837	8
2838	15
2839	13
2840	13
2841	8
2842	16
2843	7
2844	12
2845	13
2846	14
2847	10
2848	15
2849	8
2850	11
2851	12
2852	16
2853	12
2854	10
2855	12
2856	10
2857	14
2858	16
2859	12
2860	9
2861	9
2862	11
2863	11
2864	10
2865	18
2866	16
2867	7
2868	9
2869	7
2870	9
2871	11
2872	7
2873	4
2874	6
2875	14
2876	15
2877	16
2878	8
2879	8
2880	11
2881	13
2882	18
2883	18
2884	8
2885	17
2886	11
2887	13
2888	9
2889	8
2890	15
2891	8
2892	11
2893	6
2894	12
2895	10
2896	14
2897	4
2898	12
2899	14
2900	18
2901	14
2902	17
2903	11
2904	15
2905	12
2906	10
2907	12
2908	13
2909	9
2910	13
2911	12
2912	11
2913	12
2914	12
2915	7
2916	16
2917	11
2918	12
2919	13
2920	6
2921	11
2922	12
2923	16
2924	7
2925	15
2926	10
2927	16
2928	14
2929	13
2930	18
2931	7
2932	13
2933	4
2934	10
2935	16
2936	10
2937	14
2938	14
2939	7
2940	12
2941	14
2942	12
2943	9
2944	13
2945	18
2946	14
2947	7
2948	12
2949	11
2950	16
2951	12
2952	11
2953	7
2954	13
2955	15
2956	14
2957	9
2958	9
2959	12
2960	14
2961	14
2962	10
2963	13
2964	15
2965	13
2966	13
2967	14
2968	6
2969	9
2970	16
2971	17
2972	12
2973	21
2974	13
2975	4
2976	9
2977	12
2978	18
2979	18
2980	16
2981	14
2982	10
2983	9
2984	17
2985	5
2986	11
2987	11
2988	5
2989	6
2990	12
2991	13
2992	14
2993	13
2994	6
2995	16
2996	9
2997	13
2998	8
2999	10
3000	13
3001	9
3002	17
3003	11
3004	6
3005	12
3006	12
3007	12
3008	11
3009	15
3010	14
3011	12
3012	9
3013	8
3014	9
3015	10
3016	12
3017	12
3018	13
3019	8
3020	13
3021	12
3022	6
3023	10
3024	11
3025	20
3026	13
3027	8
3028	14
3029	9
3030	18
3031	9
3032	10
3033	11
3034	12
3035	12
3036	8
3037	14
3038	15
3039	8
3040	13
3041	14
3042	12
3043	13
3044	13
3045	10
3046	17
3047	13
3048	8
3049	14
3050	14
3051	10
3052	9
3053	9
3054	14
3055	12
3056	6
3057	16
3058	14
3059	18
3060	11
3061	18
3062	11
3063	13
3064	9
3065	11
3066	8
3067	11
3068	3
3069	10
3070	14
3071	18
3072	15
3073	13
3074	10
3075	13
3076	12
3077	14
3078	12
3079	13
3080	10
3081	10
3082	11
3083	14
3084	6
3085	8
3086	11
3087	16
3088	12
3089	13
3090	12
3091	13
3092	8
3093	11
3094	7
3095	16
3096	10
3097	10
3098	13
3099	11
3100	13
3101	7
3102	14
3103	11
3104	16
3105	7
3106	9
3107	12
3108	10
3109	8
3110	21
3111	14
3112	11
3113	13
3114	10
3115	8
3116	10
3117	10
3118	8
3119	9
3120	9
3121	9
3122	17
3123	15
3124	15
3125	12
3126	13
3127	11
3128	11
3129	9
3130	15
3131	10
3132	10
3133	20
3134	11
3135	8
3136	16
3137	15
3138	13
3139	13
3140	11
3141	10
3142	11
3143	10
3144	15
3145	7
3146	16
3147	10
3148	9
3149	10
3150	13
3151	11
3152	10
3153	12
3154	17
3155	12
3156	8
3157	9
3158	10
3159	11
3160	7
3161	8
3162	9
3163	8
3164	11
3165	16
3166	13
3167	7
3168	12
3169	18
3170	8
3171	9
3172	9
3173	12
3174	11
3175	11
3176	14
3177	7
3178	9
3179	17
3180	7
3181	9
3182	10
3183	14
3184	13
3185	16
3186	7
3187	16
3188	6
3189	9
3190	7
3191	9
3192	15
3193	10
3194	11
3195	10
3196	2
3197	6
3198	10
3199	12
3200	10
3201	10
3202	12
3203	14
3204	17
3205	12
3206	22
3207	14
3208	11
3209	13
3210	11
3211	9
3212	5
3213	20
3214	11
3215	7
3216	16
3217	11
3218	7
3219	12
3220	9
3221	9
3222	8
3223	10
3224	11
3225	7
3226	14
3227	12
3228	16
3229	9
3230	5
3231	12
3232	10
3233	10
3234	4
3235	10
3236	16
3237	10
3238	8
3239	7
3240	10
3241	10
3242	11
3243	13
3244	10
3245	10
3246	12
3247	10
3248	15
3249	9
3250	13
3251	18
3252	6
3253	6
3254	7
3255	16
3256	8
3257	11
3258	13
3259	8
3260	11
3261	9
3262	20
3263	15
3264	12
3265	9
3266	6
3267	15
3268	9
3269	12
3270	7
3271	10
3272	3
3273	11
3274	13
3275	12
3276	14
3277	7
3278	7
3279	14
3280	15
3281	11
3282	11
3283	10
3284	7
3285	13
3286	7
3287	9
3288	14
3289	10
3290	8
3291	9
3292	11
3293	12
3294	7
3295	10
3296	13
3297	4
3298	5
3299	13
3300	13
3301	7
3302	16
3303	10
3304	9
3305	7
3306	19
3307	4
3308	10
3309	16
3310	6
3311	10
3312	10
3313	15
3314	20
3315	14
3316	12
3317	15
3318	14
3319	16
3320	10
3321	9
3322	12
3323	8
3324	7
3325	7
3326	6
3327	12
3328	4
3329	11
3330	11
3331	9
3332	14
3333	10
3334	11
3335	9
3336	10
3337	10
3338	8
3339	12
3340	12
3341	13
3342	10
3343	11
3344	13
3345	15
3346	12
3347	5
3348	10
3349	14
3350	10
3351	9
3352	13
3353	10
3354	13
3355	12
3356	5
3357	11
3358	12
3359	8
3360	10
3361	7
3362	7
3363	14
3364	13
3365	6
3366	8
3367	10
3368	9
3369	13
3370	10
3371	14
3372	7
3373	9
3374	13
3375	9
3376	9
3377	13
3378	11
3379	11
3380	7
3381	9
3382	13
3383	6
3384	6
3385	8
3386	13
3387	8
3388	10
3389	11
3390	12
3391	13
3392	11
3393	13
3394	12
3395	12
3396	7
3397	9
3398	11
3399	8
3400	8
3401	14
3402	9
3403	10
3404	8
3405	13
3406	10
3407	8
3408	8
3409	11
3410	9
3411	18
3412	11
3413	11
3414	14
3415	11
3416	11
3417	13
3418	13
3419	19
3420	12
3421	9
3422	9
3423	10
3424	14
3425	11
3426	9
3427	11
3428	8
3429	7
3430	11
3431	12
3432	13
3433	9
3434	9
3435	9
3436	13
3437	6
3438	5
3439	15
3440	12
3441	9
3442	8
3443	11
3444	7
3445	14
3446	8
3447	7
3448	13
3449	12
3450	11
3451	9
3452	10
3453	13
3454	10
3455	11
3456	13
3457	10
3458	8
3459	6
3460	6
3461	7
3462	7
3463	13
3464	12
3465	4
3466	9
3467	8
3468	10
3469	10
3470	11
3471	10
3472	9
3473	9
3474	8
3475	10
3476	9
3477	11
3478	9
3479	7
3480	14
3481	18
3482	8
3483	9
3484	7
3485	14
3486	6
3487	12
3488	2
3489	6
3490	7
3491	8
3492	11
3493	4
3494	5
3495	5
3496	11
3497	10
3498	10
3499	9
3500	6
3501	13
3502	12
3503	7
3504	13
3505	11
3506	9
3507	9
3508	8
3509	11
3510	12
3511	9
3512	7
3513	8
3514	12
3515	6
3516	15
3517	5
3518	9
3519	4
3520	14
3521	8
3522	10
3523	11
3524	11
3525	6
3526	10
3527	10
3528	11
3529	10
3530	14
3531	10
3532	12
3533	8
3534	13
3535	8
3536	13
3537	7
3538	4
3539	8
3540	7
3541	9
3542	11
3543	12
3544	15
3545	13
3546	6
3547	15
3548	7
3549	6
3550	6
3551	5
3552	13
3553	11
3554	9
3555	6
3556	11
3557	9
3558	12
3559	4
3560	7
3561	11
3562	5
3563	7
3564	4
3565	6
3566	8
3567	11
3568	11
3569	7
3570	9
3571	12
3572	10
3573	7
3574	8
3575	8
3576	5
3577	11
3578	6
3579	5
3580	6
3581	5
3582	7
3583	11
3584	10
3585	9
3586	14
3587	7
3588	5
3589	17
3590	8
3591	9
3592	18
3593	5
3594	12
3595	7
3596	8
3597	9
3598	2
3599	10
3600	9
3601	8
3602	10
3603	10
3604	5
3605	3
3606	8
3607	10
3608	7
3609	11
3610	9
3611	12
3612	10
3613	13
3614	5
3615	5
3616	11
3617	5
3618	11
3619	8
3620	6
3621	7
3622	9
3623	3
3624	9
3625	9
3626	13
3627	15
3628	8
3629	9
3630	6
3631	9
3632	6
3633	10
3634	3
3635	8
3636	5
3637	9
3638	4
3639	2
3640	6
3641	7
3642	7
3643	9
3644	13
3645	5
3646	10
3647	7
3648	11
3649	10
3650	6
3651	7
3652	3
3653	11
3654	9
3655	6
3656	8
3657	7
3658	9
3659	12
3660	8
3661	8
3662	8
3663	3
3664	12
3665	8
3666	5
3667	10
3668	3
3669	4
3670	7
3671	8
3672	7
3673	3
3674	5
3675	9
3676	5
3677	8
3678	5
3679	9
3680	13
3681	9
3682	7
3683	11
3684	3
3685	10
3686	10
3687	9
3688	3
3689	3
3690	2
3691	5
3692	10
3693	4
3694	9
3695	4
3696	6
3697	10
3698	4
3699	8
3700	8
3701	6
3702	5
3703	6
3704	7
3705	11
3706	11
3707	8
3708	4
3709	4
3710	7
3711	7
3712	12
3713	5
3714	12
3715	4
3716	3
3717	11
3718	9
3719	9
3720	10
3721	9
3722	5
3723	10
3724	9
3725	11
3726	6
3727	11
3728	3
3729	3
3730	4
3731	10
3732	6
3733	14
3734	7
3735	11
3736	8
3737	7
3738	5
3739	3
3740	10
3741	10
3742	12
3743	3
3744	4
3745	9
3746	7
3747	2
3748	5
3749	10
3750	4
3751	3
3752	4
3753	8
3754	7
3755	3
3756	6
3757	5
3758	11
3759	6
3760	9
3761	4
3762	10
3763	2
3764	7
3765	7
3766	8
3767	6
3768	6
3769	5
3770	7
3771	3
3772	3
3773	3
3774	4
3775	9
3776	4
3777	8
3778	8
3779	8
3780	9
3781	4
3782	7
3783	15
3784	10
3785	6
3786	5
3787	6
3788	5
3789	8
3790	6
3791	7
3792	7
3793	7
3794	5
3795	6
3796	7
3797	7
3798	6
3799	9
3800	5
3801	1
3802	6
3803	5
3804	5
3805	5
3806	5
3807	10
3808	7
3809	6
3810	7
3811	9
3812	8
3813	2
3814	10
3815	5
3816	6
3817	10
3818	7
3819	7
3820	6
3821	7
3822	6
3823	6
3824	4
3825	9
3826	4
3827	10
3828	7
3829	11
3830	9
3831	9
3832	3
3833	5
3834	12
3835	4
3836	3
3837	6
3838	6
3839	4
3840	8
3841	5
3842	11
3843	2
3844	2
3845	5
3846	5
3847	2
3848	6
3849	8
3850	1
3851	6
3852	5
3853	6
3854	3
3855	3
3856	6
3857	4
3858	6
3859	7
3860	5
3861	5
3862	4
3863	4
3864	5
3865	5
3866	7
3867	4
3868	4
3869	5
3870	8
3871	8
3872	9
3873	6
3874	2
3875	5
3876	7
3877	4
3878	5
3879	3
3880	9
3881	2
3882	4
3883	7
3884	1
3885	3
3886	1
3887	8
3888	1
3889	5
3890	4
3891	3
3892	8
3893	7
3894	3
3895	6
3896	0
3897	0
3898	0
3899	0
3900	0
3901	0
3902	0
3903	0
3904	0
3905	0
3906	0
3907	0
3908	0
3909	0
3910	0
3911	0
3912	0
3913	0
3914	0
3915	0
3916	0
3917	0
3918	0
3919	0
3920	0
3921	0
3922	0
3923	0
3924	0
3925	0
3926	0
3927	0
3928	0
3929	0
3930	0
3931	0
3932	0
3933	0
3934	0
3935	0
3936	0
3937	0
3938	0
3939	0
3940	0
3941	0
3942	0
3943	0
3944	0
3945	0
3946	0
3947	0
3948	0
3949	0
3950	0
3951	0
3952	0
3953	0
3954	0
3955	0
3956	0
3957	0
3958	0
3959	0
3960	0
3961	0
3962	0
3963	0
3964	0
3965	0
3966	0
3967	0
3968	0
3969	0
3970	0
3971	0
3972	0
3973	0
3974	0
3975	0
3976	0
3977	0
3978	0
3979	0
3980	0
3981	0
3982	0
3983	0
3984	0
3985	0
3986	0
3987	0
3988	0
3989	0
3990	0
3991	0
3992	0
3993	0
3994	0
3995	0
3996	0
3997	0
3998	0
3999	0
4000	0
4001	0
4002	0
4003	0
4004	0
4005	0
4006	0
4007	0
4008	0
4009	0
4010	0
4011	0
4012	0
4013	0
4014	0
4015	0
4016	0
4017	0
4018	0
4019	0
4020	0
4021	0
4022	0
4023	0
4024	0
4025	0
4026	0
4027	0
4028	0
4029	0
4030	0
4031	0
4032	0
4033	0
4034	0
4035	0
4036	0
4037	0
4038	0
4039	0
4040	0
4041	0
4042	0
4043	0
4044	0
4045	0
4046	0
4047	0
4048	0
4049	0
4050	0
4051	0
4052	0
4053	0
4054	0
4055	0
4056	0
4057	0
4058	0
4059	0
4060	0
4061	0
4062	0
4063	0
4064	0
4065	0
4066	0
4067	0
4068	0
4069	0
4070	0
4071	0
4072	0
4073	0
4074	0
4075	0
4076	0
4077	0
4078	0
4079	0
4080	0
4081	0
4082	0
4083	0
4084	0
4085	0
4086	0
4087	0
4088	0
4089	0
4090	0
4091	0
4092	0
4093	0
4094	0
4095	0
4096	0
