time	intensity
0.02743484	0
0.05486968	0
0.08230452	0
0.10973936	0
0.1371742	0
0.16460904	0
0.19204388	0
0.21947872	0
0.24691356	0
0.2743484	0
0.30178324	0
0.32921808	0
0.35665292	0
0.38408776	0
0.4115226	0
0.43895744	0
0.46639228	0
0.49382712	0
0.52126196	0
0.5486968	0
0.57613164	0
0.60356648	0
0.63100132	0
0.65843616	0
0.685871	0
0.71330584	0
0.74074068	0
0.76817552	0
0.79561036	0
0.8230452	0
0.85048004	0
0.87791488	0
0.90534972	0
0.93278456	0
0.9602194	0
0.98765424	0
1.01508908	0
1.04252392	0
1.06995876	0
1.0973936	0
1.12482844	0
1.15226328	0
1.17969812	0
1.20713296	0
1.2345678	0
1.26200264	0
1.28943748	0
1.31687232	0
1.34430716	0
1.371742	0
1.39917684	0
1.42661168	0
1.45404652	0
1.48148136	0
1.5089162	0
1.53635104	0
1.56378588	0
1.59122072	0
1.61865556	0
1.6460904	0
1.67352524	0
1.70096008	0
1.72839492	0
1.75582976	0
1.7832646	0
1.81069944	0
1.83813428	0
1.86556912	0
1.89300396	0
1.9204388	0
1.94787364	0
1.97530848	0
2.00274332	0
2.03017816	0
2.057613	0
2.08504784	0
2.11248268	0
2.13991752	0
2.16735236	0
2.1947872	0
2.22222204	0
2.24965688	0
2.27709172	0
2.30452656	0
2.3319614	0
2.35939624	0
2.38683108	0
2.41426592	0
2.44170076	0
2.4691356	0
2.49657044	0
2.52400528	0
2.55144012	0
2.57887496	0
2.6063098	0
2.63374464	0
2.66117948	0
2.68861432	0
2.71604916	0
2.743484	0
2.77091884	0
2.79835368	0
2.82578852	0
2.85322336	0
2.8806582	0
2.90809304	0
2.93552788	0
2.96296272	0
2.99039756	0
3.0178324	0
3.04526724	0
3.07270208	0
3.10013692	0
3.12757176	0
3.1550066	0
3.18244144	0
3.20987628	0
3.23731112	0
3.26474596	0
3.2921808	0
3.31961564	0
3.34705048	0
3.37448532	0
3.40192016	0
3.429355	0
3.45678984	0
3.48422468	0
3.51165952	0
3.53909436	0
3.5665292	0
3.59396404	0
3.62139888	0
3.64883372	0
3.67626856	0
3.7037034	0
3.73113824	0
3.75857308	0
3.78600792	0
3.81344276	0
3.8408776	0
3.86831244	0
3.89574728	0
3.92318212	0
3.95061696	0
3.9780518	0
4.00548664	0
4.03292148	0
4.06035632	0
4.08779116	0
4.115226	0
4.14266084	0
4.17009568	0
4.19753052	0
4.22496536	0
4.2524002	0
4.27983504	0
4.30726988	0
4.33470472	0
4.36213956	0
4.3895744	0
4.41700924	0
4.44444408	0
4.47187892	0
4.49931376	0
4.5267486	0
4.55418344	0
4.58161828	0
4.60905312	0
4.63648796	0
4.6639228	0
4.69135764	0
4.71879248	0
4.74622732	0
4.77366216	0
4.801097	0
4.82853184	0
4.85596668	0
4.88340152	0
4.91083636	0
4.9382712	0
4.96570604	0
4.99314088	0
5.02057572	0
5.04801056	0
5.0754454	0
5.10288024	0
5.13031508	0
5.15774992	0
5.18518476	0
5.2126196	0
5.24005444	0
5.26748928	0
5.29492412	0
5.32235896	0
5.3497938	0
5.37722864	0
5.40466348	0
5.43209832	0
5.45953316	0
5.486968	0
5.51440284	0
5.54183768	1
5.56927252	1
5.59670736	0
5.6241422	1
5.65157704	0
5.67901188	0
5.70644672	0
5.73388156	1
5.7613164	0
5.78875124	0
5.81618608	3
5.84362092	0
5.87105576	1
5.8984906	0
5.92592544	1
5.95336028	2
5.98079512	0
6.00822996	1
6.0356648	1
6.06309964	0
6.09053448	1
6.11796932	0
6.14540416	2
6.172839	0
6.20027384	1
6.22770868	0
6.25514352	1
6.28257836	0
6.3100132	0
6.33744804	0
6.36488288	0
6.39231772	0
6.41975256	1
6.4471874	0
6.47462224	0
6.50205708	0
6.52949192	0
6.55692676	1
6.5843616	2
6.61179644	1
6.63923128	0
6.66666612	3
6.69410096	0
6.7215358	0
6.74897064	0
6.77640548	0
6.80384032	0
6.83127516	0
6.85871	0
6.88614484	0
6.91357968	0
6.94101452	0
6.96844936	1
6.9958842	1
7.02331904	0
7.05075388	1
7.07818872	3
7.10562356	1
7.1330584	0
7.16049324	0
7.18792808	0
7.21536292	0
7.24279776	1
7.2702326	0
7.29766744	0
7.32510228	1
7.35253712	1
7.37997196	0
7.4074068	1
7.43484164	1
7.46227648	1
7.48971132	1
7.51714616	1
7.544581	0
7.57201584	0
7.59945068	0
7.62688552	2
7.65432036	0
7.6817552	1
7.70919004	0
7.73662488	1
7.76405972	0
7.79149456	0
7.8189294	1
7.84636424	1
7.87379908	1
7.90123392	0
7.92866876	1
7.9561036	0
7.98353844	0
8.01097328	0
8.03840812	0
8.06584296	0
8.0932778	2
8.12071264	0
8.14814748	2
8.17558232	1
8.20301716	0
8.230452	1
8.25788684	0
8.28532168	1
8.31275652	2
8.34019136	1
8.3676262	0
8.39506104	1
8.42249588	0
8.44993072	0
8.47736556	1
8.5048004	1
8.53223524	0
8.55967008	0
8.58710492	0
8.61453976	0
8.6419746	1
8.66940944	0
8.69684428	0
8.72427912	1
8.75171396	1
8.7791488	1
8.80658364	0
8.83401848	0
8.86145332	1
8.88888816	0
8.916323	0
8.94375784	1
8.97119268	0
8.99862752	1
9.02606236	1
9.0534972	3
9.08093204	1
9.10836688	0
9.13580172	1
9.16323656	0
9.1906714	1
9.21810624	2
9.24554108	2
9.27297592	0
9.30041076	1
9.3278456	2
9.35528044	0
9.38271528	0
9.41015012	2
9.43758496	0
9.4650198	1
9.49245464	1
9.51988948	1
9.54732432	0
9.57475916	1
9.602194	0
9.62962884	1
9.65706368	0
9.68449852	0
9.71193336	0
9.7393682	1
9.76680304	1
9.79423788	0
9.82167272	0
9.84910756	0
9.8765424	1
9.90397724	0
9.93141208	1
9.95884692	0
9.98628176	2
10.0137166	1
10.04115144	0
10.06858628	0
10.09602112	1
10.12345596	1
10.1508908	0
10.17832564	2
10.20576048	0
10.23319532	1
10.26063016	0
10.288065	1
10.31549984	1
10.34293468	0
10.37036952	2
10.39780436	0
10.4252392	1
10.45267404	1
10.48010888	0
10.50754372	0
10.53497856	0
10.5624134	1
10.58984824	0
10.61728308	0
10.64471792	0
10.67215276	3
10.6995876	1
10.72702244	0
10.75445728	1
10.78189212	1
10.80932696	0
10.8367618	1
10.86419664	1
10.89163148	2
10.91906632	0
10.94650116	0
10.973936	1
11.00137084	0
11.02880568	3
11.05624052	1
11.08367536	2
11.1111102	1
11.13854504	0
11.16597988	2
11.19341472	0
11.22084956	0
11.2482844	1
11.27571924	0
11.30315408	1
11.33058892	0
11.35802376	0
11.3854586	0
11.41289344	0
11.44032828	0
11.46776312	2
11.49519796	1
11.5226328	0
11.55006764	2
11.57750248	1
11.60493732	0
11.63237216	1
11.659807	0
11.68724184	1
11.71467668	2
11.74211152	1
11.76954636	1
11.7969812	1
11.82441604	3
11.85185088	1
11.87928572	0
11.90672056	0
11.9341554	0
11.96159024	0
11.98902508	1
12.01645992	1
12.04389476	1
12.0713296	0
12.09876444	3
12.12619928	1
12.15363412	1
12.18106896	0
12.2085038	0
12.23593864	0
12.26337348	1
12.29080832	0
12.31824316	2
12.345678	0
12.37311284	0
12.40054768	0
12.42798252	2
12.45541736	1
12.4828522	2
12.51028704	0
12.53772188	1
12.56515672	2
12.59259156	0
12.6200264	0
12.64746124	1
12.67489608	0
12.70233092	0
12.72976576	0
12.7572006	0
12.78463544	3
12.81207028	1
12.83950512	1
12.86693996	1
12.8943748	1
12.92180964	2
12.94924448	1
12.97667932	1
13.00411416	1
13.031549	2
13.05898384	0
13.08641868	0
13.11385352	2
13.14128836	2
13.1687232	0
13.19615804	0
13.22359288	1
13.25102772	1
13.27846256	2
13.3058974	1
13.33333224	1
13.36076708	0
13.38820192	1
13.41563676	1
13.4430716	0
13.47050644	0
13.49794128	1
13.52537612	1
13.55281096	0
13.5802458	2
13.60768064	3
13.63511548	0
13.66255032	0
13.68998516	0
13.71742	1
13.74485484	0
13.77228968	0
13.79972452	1
13.82715936	0
13.8545942	0
13.88202904	1
13.90946388	0
13.93689872	0
13.96433356	0
13.9917684	0
14.01920324	0
14.04663808	0
14.07407292	2
14.10150776	1
14.1289426	1
14.15637744	4
14.18381228	0
14.21124712	1
14.23868196	0
14.2661168	0
14.29355164	1
14.32098648	1
14.34842132	2
14.37585616	2
14.403291	0
14.43072584	1
14.45816068	0
14.48559552	0
14.51303036	1
14.5404652	2
14.56790004	0
14.59533488	1
14.62276972	1
14.65020456	1
14.6776394	0
14.70507424	3
14.73250908	1
14.75994392	2
14.78737876	1
14.8148136	0
14.84224844	0
14.86968328	0
14.89711812	0
14.92455296	1
14.9519878	1
14.97942264	0
15.00685748	2
15.03429232	0
15.06172716	0
15.089162	0
15.11659684	3
15.14403168	1
15.17146652	1
15.19890136	1
15.2263362	0
15.25377104	1
15.28120588	0
15.30864072	0
15.33607556	2
15.3635104	1
15.39094524	1
15.41838008	2
15.44581492	0
15.47324976	1
15.5006846	2
15.52811944	1
15.55555428	0
15.58298912	1
15.61042396	2
15.6378588	0
15.66529364	0
15.69272848	0
15.72016332	2
15.74759816	0
15.775033	0
15.80246784	0
15.82990268	1
15.85733752	1
15.88477236	0
15.9122072	1
15.93964204	0
15.96707688	2
15.99451172	0
16.02194656	0
16.0493814	0
16.07681624	0
16.10425108	1
16.13168592	0
16.15912076	0
16.1865556	1
16.21399044	1
16.24142528	0
16.26886012	1
16.29629496	0
16.3237298	0
16.35116464	0
16.37859948	0
16.40603432	0
16.43346916	0
16.460904	0
16.48833884	1
16.51577368	0
16.54320852	1
16.57064336	1
16.5980782	1
16.62551304	3
16.65294788	0
16.68038272	3
16.70781756	0
16.7352524	1
16.76268724	1
16.79012208	0
16.81755692	0
16.84499176	0
16.8724266	0
16.89986144	1
16.92729628	1
16.95473112	2
16.98216596	0
17.0096008	0
17.03703564	0
17.06447048	1
17.09190532	2
17.11934016	0
17.146775	0
17.17420984	0
17.20164468	0
17.22907952	0
17.25651436	1
17.2839492	0
17.31138404	0
17.33881888	0
17.36625372	0
17.39368856	0
17.4211234	1
17.44855824	2
17.47599308	1
17.50342792	2
17.53086276	0
17.5582976	1
17.58573244	0
17.61316728	0
17.64060212	0
17.66803696	0
17.6954718	0
17.72290664	1
17.75034148	3
17.77777632	1
17.80521116	0
17.832646	0
17.86008084	0
17.88751568	2
17.91495052	0
17.94238536	1
17.9698202	2
17.99725504	1
18.02468988	1
18.05212472	0
18.07955956	0
18.1069944	2
18.13442924	0
18.16186408	0
18.18929892	1
18.21673376	1
18.2441686	0
18.27160344	1
18.29903828	2
18.32647312	1
18.35390796	0
18.3813428	1
18.40877764	2
18.43621248	0
18.46364732	1
18.49108216	0
18.518517	1
18.54595184	1
18.57338668	1
18.60082152	0
18.62825636	0
18.6556912	1
18.68312604	2
18.71056088	1
18.73799572	0
18.76543056	1
18.7928654	0
18.82030024	1
18.84773508	0
18.87516992	0
18.90260476	1
18.9300396	0
18.95747444	1
18.98490928	1
19.01234412	0
19.03977896	0
19.0672138	3
19.09464864	0
19.12208348	1
19.14951832	1
19.17695316	0
19.204388	0
19.23182284	0
19.25925768	1
19.28669252	0
19.31412736	0
19.3415622	2
19.36899704	0
19.39643188	2
19.42386672	1
19.45130156	0
19.4787364	1
19.50617124	1
19.53360608	1
19.56104092	2
19.58847576	0
19.6159106	1
19.64334544	1
19.67078028	0
19.69821512	0
19.72564996	1
19.7530848	1
19.78051964	0
19.80795448	0
19.83538932	0
19.86282416	0
19.890259	0
19.91769384	1
19.94512868	1
19.97256352	0
19.99999836	0
20.0274332	0
20.05486804	0
20.08230288	1
20.10973772	1
20.13717256	1
20.1646074	1
20.19204224	0
20.21947708	1
20.24691192	0
20.27434676	0
20.3017816	1
20.32921644	0
20.35665128	1
20.38408612	0
20.41152096	0
20.4389558	1
20.46639064	0
20.49382548	1
20.52126032	0
20.54869516	1
20.57613	1
20.60356484	0
20.63099968	2
20.65843452	0
20.68586936	0
20.7133042	0
20.74073904	0
20.76817388	1
20.79560872	1
20.82304356	1
20.8504784	0
20.87791324	1
20.90534808	0
20.93278292	0
20.96021776	0
20.9876526	0
21.01508744	0
21.04252228	2
21.06995712	0
21.09739196	0
21.1248268	1
21.15226164	0
21.17969648	1
21.20713132	0
21.23456616	0
21.262001	0
21.28943584	1
21.31687068	0
21.34430552	2
21.37174036	2
21.3991752	0
21.42661004	1
21.45404488	0
21.48147972	0
21.50891456	2
21.5363494	0
21.56378424	1
21.59121908	2
21.61865392	0
21.64608876	1
21.6735236	1
21.70095844	0
21.72839328	0
21.75582812	0
21.78326296	0
21.8106978	0
21.83813264	0
21.86556748	0
21.89300232	1
21.92043716	0
21.947872	2
21.97530684	0
22.00274168	1
22.03017652	1
22.05761136	0
22.0850462	1
22.11248104	0
22.13991588	0
22.16735072	1
22.19478556	1
22.2222204	1
22.24965524	0
22.27709008	0
22.30452492	1
22.33195976	1
22.3593946	1
22.38682944	2
22.41426428	2
22.44169912	0
22.46913396	0
22.4965688	0
22.52400364	0
22.55143848	0
22.57887332	1
22.60630816	2
22.633743	3
22.66117784	1
22.68861268	0
22.71604752	0
22.74348236	1
22.7709172	1
22.79835204	0
22.82578688	1
22.85322172	0
22.88065656	0
22.9080914	0
22.93552624	1
22.96296108	0
22.99039592	2
23.01783076	0
23.0452656	0
23.07270044	0
23.10013528	0
23.12757012	1
23.15500496	0
23.1824398	1
23.20987464	1
23.23730948	0
23.26474432	0
23.29217916	0
23.319614	0
23.34704884	2
23.37448368	0
23.40191852	1
23.42935336	1
23.4567882	1
23.48422304	1
23.51165788	0
23.53909272	0
23.56652756	0
23.5939624	1
23.62139724	1
23.64883208	3
23.67626692	2
23.70370176	0
23.7311366	1
23.75857144	2
23.78600628	0
23.81344112	2
23.84087596	1
23.8683108	1
23.89574564	1
23.92318048	1
23.95061532	1
23.97805016	1
24.005485	1
24.03291984	1
24.06035468	1
24.08778952	1
24.11522436	1
24.1426592	0
24.17009404	1
24.19752888	0
24.22496372	2
24.25239856	0
24.2798334	1
24.30726824	0
24.33470308	0
24.36213792	1
24.38957276	3
24.4170076	1
24.44444244	0
24.47187728	1
24.49931212	0
24.52674696	0
24.5541818	1
24.58161664	0
24.60905148	0
24.63648632	1
24.66392116	1
24.691356	0
24.71879084	0
24.74622568	1
24.77366052	0
24.80109536	1
24.8285302	0
24.85596504	0
24.88339988	0
24.91083472	1
24.93826956	2
24.9657044	0
24.99313924	0
25.02057408	1
25.04800892	1
25.07544376	0
25.1028786	2
25.13031344	0
25.15774828	1
25.18518312	0
25.21261796	1
25.2400528	0
25.26748764	1
25.29492248	0
25.32235732	1
25.34979216	0
25.377227	3
25.40466184	1
25.43209668	0
25.45953152	2
25.48696636	3
25.5144012	2
25.54183604	0
25.56927088	2
25.59670572	0
25.62414056	0
25.6515754	0
25.67901024	2
25.70644508	2
25.73387992	2
25.76131476	1
25.7887496	3
25.81618444	2
25.84361928	2
25.87105412	0
25.89848896	2
25.9259238	1
25.95335864	2
25.98079348	1
26.00822832	1
26.03566316	2
26.063098	1
26.09053284	0
26.11796768	1
26.14540252	0
26.17283736	1
26.2002722	0
26.22770704	0
26.25514188	1
26.28257672	2
26.31001156	1
26.3374464	2
26.36488124	1
26.39231608	1
26.41975092	1
26.44718576	2
26.4746206	2
26.50205544	0
26.52949028	0
26.55692512	1
26.58435996	0
26.6117948	0
26.63922964	1
26.66666448	1
26.69409932	0
26.72153416	1
26.748969	0
26.77640384	0
26.80383868	1
26.83127352	0
26.85870836	1
26.8861432	0
26.91357804	0
26.94101288	0
26.96844772	0
26.99588256	0
27.0233174	0
27.05075224	1
27.07818708	0
27.10562192	2
27.13305676	0
27.1604916	0
27.18792644	1
27.21536128	1
27.24279612	0
27.27023096	1
27.2976658	2
27.32510064	1
27.35253548	0
27.37997032	2
27.40740516	7
27.43484	1
27.46227484	7
27.48970968	9
27.51714452	18
27.54457936	22
27.5720142	46
27.59944904	116
27.62688388	240
27.65431872	526
27.68175356	1127
27.7091884	2102
27.73662324	3566
27.76405808	5184
27.79149292	7054
27.81892776	8804
27.8463626	9589
27.87379744	10000
27.90123228	9742
27.92866712	8815
27.95610196	7622
27.9835368	6569
28.01097164	5344
28.03840648	4298
28.06584132	3620
28.09327616	2827
28.120711	2298
28.14814584	2007
28.17558068	1726
28.20301552	1540
28.23045036	1351
28.2578852	1183
28.28532004	925
28.31275488	811
28.34018972	720
28.36762456	597
28.3950594	575
28.42249424	498
28.44992908	484
28.47736392	459
28.50479876	432
28.5322336	447
28.55966844	443
28.58710328	440
28.61453812	395
28.64197296	402
28.6694078	358
28.69684264	325
28.72427748	266
28.75171232	261
28.77914716	216
28.806582	216
28.83401684	223
28.86145168	187
28.88888652	193
28.91632136	170
28.9437562	197
28.97119104	182
28.99862588	198
29.02606072	222
29.053495560000002	214
29.0809304	202
29.10836524	209
29.13580008	161
29.16323492	171
29.19066976	169
29.2181046	162
29.24553944	116
29.27297428	128
29.30040912	127
29.32784396	110
29.3552788	76
29.38271364	80
29.41014848	77
29.43758332	63
29.46501816	58
29.492453	49
29.51988784	51
29.54732268	43
29.57475752	41
29.60219236	42
29.6296272	34
29.65706204	45
29.68449688	42
29.71193172	45
29.73936656	46
29.7668014	44
29.79423624	43
29.82167108	34
29.84910592	28
29.87654076	36
29.9039756	29
29.93141044	34
29.95884528	30
29.98628012	40
30.01371496	23
30.0411498	40
30.06858464	25
30.09601948	26
30.12345432	32
30.15088916	18
30.178324	21
30.20575884	26
30.23319368	18
30.26062852	22
30.28806336	21
30.3154982	12
30.34293304	16
30.37036788	14
30.39780272	12
30.42523756	14
30.4526724	22
30.48010724	11
30.50754208	12
30.53497692	10
30.56241176	10
30.5898466	7
30.61728144	11
30.64471628	6
30.67215112	12
30.69958596	9
30.7270208	9
30.75445564	8
30.78189048	6
30.80932532	11
30.83676016	6
30.864195	6
30.89162984	6
30.91906468	5
30.94649952	5
30.97393436	10
31.0013692	6
31.02880404	7
31.05623888	8
31.08367372	7
31.11110856	4
31.1385434	5
31.16597824	4
31.19341308	4
31.22084792	4
31.24828276	6
31.2757176	7
31.30315244	4
31.33058728	10
31.35802212	4
31.38545696	3
31.4128918	3
31.44032664	9
31.46776148	4
31.49519632	7
31.52263116	3
31.550066	6
31.57750084	6
31.60493568	3
31.63237052	5
31.65980536	9
31.6872402	6
31.71467504	4
31.74210988	3
31.76954472	4
31.79697956	5
31.8244144	4
31.85184924	2
31.87928408	3
31.90671892	4
31.93415376	7
31.9615886	4
31.98902344	3
32.01645828	5
32.04389312	1
32.07132796	0
32.0987628	5
32.12619764	2
32.15363248	4
32.18106732	5
32.20850216	3
32.235937	5
32.26337184	3
32.29080668	4
32.31824152	7
32.34567636	4
32.3731112	4
32.40054604	2
32.42798088	3
32.45541572	5
32.48285056	2
32.5102854	6
32.53772024	2
32.56515508	1
32.59258992	2
32.62002476	3
32.6474596	3
32.67489444	2
32.70232928	2
32.72976412	3
32.75719896	4
32.7846338	5
32.81206864	4
32.83950348	6
32.86693832	2
32.89437316	2
32.921808	4
32.94924284	0
32.97667768	3
33.00411252	0
33.03154736	1
33.0589822	0
33.08641704	5
33.11385188	3
33.14128672	1
33.16872156	2
33.1961564	3
33.22359124	5
33.25102608	2
33.27846092	3
33.30589576	2
33.3333306	3
33.36076544	6
33.38820028	5
33.41563512	1
33.44306996	2
33.4705048	4
33.49793964	3
33.52537448	7
33.55280932	2
33.58024416	2
33.607679	4
33.63511384	3
33.66254868	3
33.68998352	4
33.71741836	2
33.7448532	4
33.77228804	1
33.79972288	1
33.82715772	2
33.85459256	1
33.8820274	2
33.90946224	3
33.93689708	4
33.96433192	4
33.99176676	1
34.0192016	5
34.04663644	4
34.07407128	2
34.10150612	2
34.12894096	4
34.1563758	1
34.18381064	2
34.21124548	3
34.23868032	0
34.26611516	3
34.29355	0
34.32098484	1
34.34841968	4
34.37585452	1
34.40328936	1
34.4307242	2
34.45815904	2
34.48559388	3
34.51302872	4
34.54046356	5
34.5678984	0
34.59533324	1
34.62276808	2
34.65020292	0
34.67763776	1
34.7050726	0
34.73250744	2
34.75994228	1
34.78737712	3
34.81481196	2
34.8422468	2
34.86968164	2
34.89711648	4
34.92455132	4
34.95198616	1
34.979421	4
35.00685584	4
35.03429068	3
35.06172552	2
35.08916036	2
35.1165952	7
35.14403004	0
35.17146488	2
35.19889972	0
35.22633456	3
35.2537694	6
35.28120424	2
35.30863908	3
35.33607392	4
35.36350876	2
35.3909436	7
35.41837844	1
35.44581328	2
35.47324812	3
35.50068296	4
35.5281178	2
35.55555264	2
35.58298748	2
35.61042232	0
35.63785716	2
35.665292	2
35.69272684	2
35.72016168	1
35.74759652	5
35.77503136	1
35.8024662	4
35.82990104	1
35.85733588	1
35.88477072	1
35.91220556	1
35.9396404	3
35.96707524	0
35.99451008	2
36.02194492	1
36.04937976	4
36.0768146	3
36.10424944	1
36.13168428	3
36.15911912	3
36.18655396	1
36.2139888	0
36.24142364	1
36.26885848	1
36.29629332	3
36.32372816	0
36.351163	0
36.37859784	2
36.40603268	0
36.43346752	4
36.46090236	1
36.4883372	2
36.51577204	0
36.54320688	5
36.57064172	0
36.59807656	4
36.6255114	4
36.65294624	0
36.68038108	0
36.70781592	1
36.73525076	3
36.7626856	4
36.79012044	1
36.81755528	0
36.84499012	3
36.87242496	1
36.8998598	2
36.92729464	4
36.95472948	1
36.98216432	3
37.00959916	2
37.037034	1
37.06446884	3
37.09190368	1
37.11933852	0
37.14677336	1
37.1742082	4
37.20164304	1
37.22907788	0
37.25651272	1
37.28394756	2
37.3113824	0
37.33881724	0
37.36625208	1
37.39368692	0
37.42112176	2
37.4485566	1
37.47599144	1
37.50342628	3
37.53086112	1
37.55829596	1
37.5857308	0
37.61316564	2
37.64060048	4
37.66803532	1
37.69547016	2
37.722905	3
37.75033984	0
37.77777468	1
37.80520952	4
37.83264436	1
37.8600792	2
37.88751404	2
37.91494888	2
37.94238372	3
37.96981856	1
37.9972534	2
38.02468824	1
38.05212308	3
38.07955792	1
38.10699276	3
38.1344276	2
38.16186244	6
38.18929728	0
38.21673212	2
38.24416696	1
38.2716018	2
38.29903664	1
38.32647148	1
38.35390632	1
38.38134116	1
38.408776	2
38.43621084	1
38.46364568	0
38.49108052	2
38.51851536	0
38.5459502	4
38.57338504	1
38.60081988	1
38.62825472	1
38.65568956	0
38.6831244	4
38.71055924	1
38.73799408	2
38.76542892	0
38.79286376	1
38.8202986	1
38.84773344	2
38.87516828	0
38.90260312	3
38.93003796	2
38.9574728	0
38.98490764	0
39.01234248	3
39.03977732	0
39.06721216	3
39.094647	1
39.12208184	0
39.14951668	2
39.17695152	0
39.20438636	0
39.2318212	1
39.25925604	0
39.28669088	0
39.31412572	2
39.34156056	2
39.3689954	0
39.39643024	1
39.42386508	1
39.45129992	0
39.47873476	2
39.5061696	0
39.53360444	1
39.56103928	2
39.58847412	2
39.61590896	1
39.6433438	3
39.67077864	1
39.69821348	1
39.72564832	1
39.75308316	2
39.780518	0
39.80795284	0
39.83538768	1
39.86282252	2
39.89025736	1
39.9176922	2
39.94512704	1
39.97256188	3
39.99999672	1
40.02743156	3
40.0548664	1
40.08230124	2
40.10973608	1
40.13717092	0
40.16460576	1
40.1920406	0
40.21947544	1
40.24691028	1
40.27434512	0
40.30177996	4
40.3292148	1
40.35664964	1
40.38408448	2
40.41151932	1
40.43895416	2
40.466389	1
40.49382384	0
40.52125868	3
40.54869352	0
40.57612836	4
40.6035632	0
40.63099804	1
40.65843288	2
40.68586772	0
40.71330256	0
40.7407374	1
40.76817224	2
40.79560708	1
40.82304192	1
40.85047676	1
40.8779116	0
40.90534644	0
40.93278128	0
40.96021612	0
40.98765096	2
41.0150858	1
41.04252064	2
41.06995548	2
41.09739032	1
41.12482516	2
41.15226	3
41.17969484	1
41.20712968	1
41.23456452	1
41.26199936	1
41.2894342	3
41.31686904	1
41.34430388	0
41.37173872	1
41.39917356	0
41.4266084	1
41.45404324	0
41.48147808	0
41.50891292	1
41.53634776	0
41.5637826	0
41.59121744	0
41.61865228	1
41.64608712	0
41.67352196	1
41.7009568	2
41.72839164	0
41.75582648	0
41.78326132	2
41.81069616	4
41.838131	2
41.86556584	3
41.89300068	2
41.92043552	1
41.94787036	1
41.9753052	3
42.00274004	0
42.03017488	2
42.05760972	2
42.08504456	0
42.1124794	3
42.13991424	2
42.16734908	1
42.19478392	1
42.22221876	0
42.2496536	2
42.27708844	0
42.30452328	2
42.33195812	0
42.35939296	0
42.3868278	1
42.41426264	2
42.44169748	0
42.46913232	7
42.49656716	2
42.524002	1
42.55143684	2
42.57887168	0
42.60630652	1
42.63374136	0
42.6611762	1
42.68861104	0
42.71604588	1
42.74348072	2
42.77091556	0
42.7983504	2
42.82578524	1
42.85322008	1
42.88065492	0
42.90808976	0
42.9355246	1
42.96295944	2
42.99039428	1
43.01782912	4
43.04526396	3
43.0726988	1
43.10013364	1
43.12756848	2
43.15500332	0
43.18243816	0
43.209873	0
43.23730784	1
43.26474268	0
43.29217752	2
43.31961236	1
43.3470472	0
43.37448204	0
43.40191688	0
43.42935172	1
43.45678656	1
43.4842214	1
43.51165624	1
43.53909108	1
43.56652592	1
43.59396076	1
43.6213956	0
43.64883044	3
43.67626528	0
43.70370012	0
43.73113496	0
43.7585698	3
43.78600464	1
43.81343948	0
43.84087432	1
43.86830916	0
43.895744	1
43.92317884	2
43.95061368	0
43.97804852	2
44.00548336	0
44.0329182	0
44.06035304	2
44.08778788	1
44.11522272	2
44.14265756	1
44.1700924	3
44.19752724	0
44.22496208	1
44.25239692	1
44.27983176	2
44.3072666	0
44.33470144	0
44.36213628	2
44.38957112	1
44.41700596	2
44.4444408	2
44.47187564	3
44.49931048	1
44.52674532	0
44.55418016	4
44.581615	2
44.60904984	2
44.63648468	1
44.66391952	0
44.69135436	2
44.7187892	1
44.74622404	1
44.77365888	0
44.80109372	0
44.82852856	2
44.8559634	1
44.88339824	0
44.91083308	1
44.93826792	0
44.96570276	1
44.9931376	0
45.02057244	0
45.04800728	1
45.07544212	2
45.10287696	0
45.1303118	2
45.15774664	0
45.18518148	1
45.21261632	0
45.24005116	2
45.267486	2
45.29492084	1
45.32235568	0
45.34979052	0
45.37722536	2
45.4046602	2
45.43209504	2
45.45952988	1
45.48696472	1
45.51439956	1
45.5418344	2
45.56926924	0
45.59670408	2
45.62413892	1
45.65157376	1
45.6790086	0
45.70644344	1
45.73387828	5
45.76131312	1
45.78874796	0
45.8161828	0
45.84361764	0
45.87105248	1
45.89848732	0
45.92592216	1
45.953357	1
45.98079184	1
46.00822668	2
46.03566152	0
46.06309636	0
46.0905312	1
46.11796604	0
46.14540088	2
46.17283572	0
46.20027056	1
46.2277054	0
46.25514024	0
46.28257508	1
46.31000992	1
46.33744476	2
46.3648796	1
46.39231444	1
46.41974928	3
46.44718412	0
46.47461896	1
46.5020538	1
46.52948864	1
46.55692348	1
46.58435832	2
46.61179316	1
46.639228	0
46.66666284	2
46.69409768	0
46.72153252	0
46.74896736	1
46.7764022	0
46.80383704	2
46.83127188	2
46.85870672	0
46.88614156	2
46.9135764	0
46.94101124	1
46.96844608	1
46.99588092	2
47.02331576	1
47.0507506	0
47.07818544	2
47.10562028	0
47.13305512	1
47.16048996	1
47.1879248	0
47.21535964	1
47.24279448	1
47.27022932	1
47.29766416	2
47.325099	2
47.35253384	2
47.37996868	0
47.40740352	3
47.43483836	3
47.4622732	0
47.48970804	1
47.51714288	3
47.54457772	2
47.57201256	2
47.5994474	1
47.62688224	1
47.65431708	0
47.68175192	0
47.70918676	1
47.7366216	1
47.76405644	3
47.79149128	0
47.81892612	3
47.84636096	1
47.8737958	0
47.90123064	1
47.92866548	0
47.95610032	2
47.98353516	0
48.01097	1
48.03840484	0
48.06583968	1
48.09327452	1
48.12070936	1
48.1481442	1
48.17557904	0
48.20301388	2
48.23044872	0
48.25788356	2
48.2853184	1
48.31275324	3
48.34018808	0
48.36762292	1
48.39505776	3
48.4224926	0
48.44992744	0
48.47736228	1
48.50479712	3
48.53223196	1
48.5596668	2
48.58710164	0
48.61453648	0
48.64197132	0
48.66940616	1
48.696841	3
48.72427584	0
48.75171068	1
48.77914552	0
48.80658036	0
48.8340152	1
48.86145004	0
48.88888488	0
48.91631972	0
48.94375456	1
48.9711894	0
48.99862424	1
49.02605908	1
49.05349392	3
49.08092876	0
49.1083636	0
49.13579844	0
49.16323328	3
49.19066812	1
49.21810296	3
49.2455378	1
49.27297264	0
49.30040748	1
49.32784232	3
49.35527716	1
49.382712	0
49.41014684	1
49.43758168	2
49.46501652	2
49.49245136	0
49.5198862	1
49.54732104	5
49.57475588	2
49.60219072	0
49.62962556	0
49.6570604	3
49.68449524	3
49.71193008	0
49.73936492	0
49.76679976	3
49.7942346	0
49.82166944	0
49.84910428	1
49.87653912	2
49.90397396	1
49.9314088	0
49.95884364	0
49.98627848	1
50.01371332	0
50.04114816	0
50.068583	1
50.09601784	3
50.12345268	1
50.15088752	0
50.17832236	1
50.2057572	0
50.23319204	2
50.26062688	4
50.28806172	2
50.31549656	1
50.3429314	0
50.37036624	0
50.39780108	1
50.42523592	2
50.45267076	3
50.4801056	2
50.50754044	1
50.53497528	1
50.56241012	3
50.58984496	0
50.6172798	1
50.64471464	0
50.67214948	1
50.69958432	1
50.72701916	0
50.754454	0
50.78188884	2
50.80932368	1
50.83675852	0
50.86419336	0
50.8916282	2
50.91906304	0
50.94649788	1
50.97393272	2
51.00136756	0
51.0288024	1
51.05623724	0
51.08367208	0
51.11110692	0
51.13854176	1
51.1659766	0
51.19341144	4
51.22084628	3
51.24828112	0
51.27571596	3
51.3031508	0
51.33058564	0
51.35802048	0
51.38545532	1
51.41289016	0
51.440325	0
51.46775984	0
51.49519468	2
51.52262952	1
51.55006436	2
51.5774992	2
51.60493404	1
51.63236888	0
51.65980372	1
51.68723856	0
51.7146734	1
51.74210824	1
51.76954308	0
51.79697792	0
51.82441276	0
51.8518476	0
51.87928244	2
51.90671728	0
51.93415212	2
51.96158696	1
51.9890218	3
52.01645664	2
52.04389148	1
52.07132632	3
52.09876116	2
52.126196	0
52.15363084	1
52.18106568	1
52.20850052	2
52.23593536	1
52.2633702	2
52.29080504	5
52.31823988	1
52.34567472	0
52.37310956	1
52.4005444	1
52.42797924	0
52.45541408	1
52.48284892	0
52.51028376	2
52.5377186	1
52.56515344	0
52.59258828	1
52.62002312	1
52.64745796	1
52.6748928	0
52.70232764	0
52.72976248	2
52.75719732	0
52.78463216	0
52.812067	2
52.83950184	2
52.86693668	1
52.89437152	0
52.92180636	1
52.9492412	1
52.97667604	1
53.00411088	0
53.03154572	0
53.05898056	2
53.0864154	0
53.11385024	1
53.14128508	2
53.16871992	2
53.19615476	2
53.2235896	0
53.25102444	1
53.27845928	1
53.30589412	2
53.33332896	3
53.3607638	2
53.38819864	1
53.41563348	0
53.44306832	1
53.47050316	0
53.497938	2
53.52537284	0
53.55280768	0
53.58024252	1
53.60767736	1
53.6351122	2
53.66254704	1
53.68998188	0
53.71741672	1
53.74485156	0
53.7722864	0
53.79972124	0
53.82715608	0
53.85459092	0
53.88202576	1
53.9094606	0
53.93689544	0
53.96433028	1
53.99176512	0
54.01919996	1
54.0466348	0
54.07406964	1
54.10150448	1
54.12893932	2
54.15637416	1
54.183809	0
54.21124384	1
54.23867868	1
54.26611352	1
54.29354836	1
54.3209832	3
54.34841804	0
54.37585288	0
54.40328772	1
54.43072256	2
54.4581574	1
54.48559224	1
54.51302708	1
54.54046192	1
54.567896759999996	0
54.5953316	0
54.62276644	3
54.65020128	1
54.67763612	2
54.70507096	3
54.7325058	0
54.75994064	2
54.78737548	0
54.81481032	1
54.84224516	0
54.86968	0
54.89711484	0
54.92454968	0
54.95198452	1
54.97941936	1
55.0068542	0
55.03428904	1
55.06172388	3
55.08915872	1
55.11659356	0
55.1440284	0
55.17146324	0
55.19889808	1
55.22633292	2
55.25376776	3
55.2812026	1
55.30863744	2
55.33607228	0
55.36350712	0
55.39094196	0
55.4183768	1
55.44581164	2
55.47324648	1
55.50068132	0
55.52811616	1
55.555551	0
55.58298584	1
55.61042068	0
55.63785552	3
55.66529036	1
55.6927252	1
55.72016004	0
55.74759488	1
55.77502972	0
55.80246456	0
55.8298994	1
55.85733424	3
55.88476908	0
55.91220392	0
55.93963876	0
55.9670736	1
55.99450844	2
56.02194328	1
56.04937812	2
56.07681296	1
56.1042478	0
56.13168264	1
56.15911748	2
56.18655232	0
56.21398716	1
56.241422	2
56.26885684	2
56.29629168	0
56.32372652	2
56.35116136	0
56.3785962	0
56.40603104	0
56.43346588	1
56.46090072	0
56.48833556	1
56.5157704	1
56.54320524	1
56.57064008	1
56.59807492	2
56.62550976	1
56.6529446	0
56.68037944	0
56.70781428	1
56.73524912	2
56.76268396	0
56.7901188	2
56.81755364	0
56.84498848	3
56.87242332	1
56.89985816	1
56.927293	1
56.95472784	1
56.98216268	1
57.00959752	1
57.03703236	0
57.0644672	4
57.09190204	0
57.11933688	2
57.14677172	1
57.17420656	1
57.2016414	2
57.22907624	0
57.25651108	2
57.28394592	2
57.31138076	0
57.3388156	0
57.36625044	0
57.39368528	0
57.42112012	2
57.44855496	0
57.4759898	0
57.50342464	0
57.53085948	0
57.55829432	3
57.58572916	2
57.613164	1
57.64059884	1
57.66803368	2
57.69546852	1
57.72290336	1
57.7503382	4
57.77777304	1
57.80520788	0
57.83264272	0
57.86007756	0
57.8875124	0
57.91494724	0
57.94238208	1
57.96981692	0
57.99725176	0
58.0246866	2
58.05212144	1
58.07955628	0
58.106991120000004	2
58.13442596	0
58.1618608	3
58.18929564	1
58.21673048	0
58.24416532	0
58.27160016	2
58.299035	1
58.32646984	0
58.35390468	0
58.38133952	0
58.40877436	3
58.4362092	0
58.46364404	1
58.49107888	2
58.51851372	1
58.54594856	1
58.5733834	0
58.60081824	0
58.62825308	1
58.65568792	1
58.68312276	3
58.7105576	1
58.73799244	0
58.76542728	0
58.79286212	2
58.82029696	1
58.8477318	0
58.87516664	1
58.90260148	1
58.93003632	1
58.95747116	3
58.984906	0
59.01234084	2
59.03977568	0
59.06721052	0
59.09464536	0
59.1220802	0
59.14951504	1
59.17694988	1
59.20438472	0
59.23181956	0
59.2592544	1
59.28668924	1
59.31412408	0
59.34155892	0
59.36899376	0
59.3964286	0
59.42386344	1
59.45129828	1
59.47873312	2
59.50616796	1
59.5336028	1
59.56103764	3
59.58847248	3
59.61590732	2
59.64334216	1
59.670777	0
59.69821184	1
59.72564668	0
59.75308152	2
59.78051636	1
59.8079512	1
59.83538604	2
59.86282088	0
59.89025572	1
59.91769056	0
59.9451254	5
59.97256024	0
59.99999508	0
60.02742992	0
60.05486476	0
60.0822996	1
60.10973444	1
60.13716928	1
60.16460412	0
60.19203896	0
60.2194738	1
60.24690864	0
60.27434348	3
60.30177832	1
60.32921316	1
60.356648	1
60.38408284	1
60.41151768	0
60.43895252	3
60.46638736	1
60.4938222	1
60.52125704	1
60.54869188	0
60.57612672	0
60.60356156	0
60.6309964	1
60.65843124	2
60.68586608	1
60.71330092	4
60.74073576	0
60.7681706	0
60.79560544	0
60.82304028	0
60.85047512	0
60.87790996	1
60.9053448	2
60.93277964	0
60.96021448	0
60.98764932	0
61.01508416	2
61.042519	1
61.06995384	1
61.09738868	1
61.12482352	0
61.15225836	1
61.1796932	1
61.20712804	0
61.23456288	0
61.26199772	0
61.28943256	1
61.3168674	0
61.34430224	0
61.37173708	0
61.39917192	0
61.42660676	2
61.4540416	1
61.48147644	1
61.50891128	1
61.53634612	0
61.56378096	2
61.5912158	2
61.61865064	0
61.646085480000004	2
61.67352032	0
61.70095516	0
61.72839	2
61.75582484	1
61.78325968	0
61.81069452	0
61.83812936	1
61.8655642	1
61.89299904	0
61.92043388	0
61.94786872	1
61.97530356	1
62.0027384	0
62.03017324	2
62.05760808	0
62.08504292	1
62.11247776	1
62.1399126	1
62.16734744	1
62.19478228	1
62.22221712	1
62.24965196	0
62.2770868	0
62.30452164	1
62.33195648	2
62.35939132	1
62.38682616	0
62.414261	0
62.44169584	1
62.46913068	0
62.49656552	2
62.52400036	1
62.5514352	0
62.57887004	0
62.60630488	1
62.63373972	1
62.66117456	0
62.6886094	2
62.71604424	0
62.74347908	0
62.77091392	1
62.79834876	1
62.8257836	1
62.85321844	0
62.88065328	1
62.90808812	1
62.93552296	0
62.9629578	0
62.99039264	0
63.01782748	1
63.04526232	1
63.07269716	1
63.100132	0
63.12756684	0
63.15500168	0
63.18243652	0
63.20987136	0
63.2373062	0
63.26474104	1
63.29217588	3
63.31961072	0
63.34704556	0
63.3744804	2
63.40191524	0
63.42935008	0
63.45678492	0
63.48421976	1
63.5116546	1
63.53908944	0
63.56652428	2
63.59395912	0
63.62139396	0
63.6488288	2
63.67626364	1
63.70369848	2
63.73113332	1
63.75856816	2
63.786003	0
63.81343784	0
63.84087268	1
63.86830752	2
63.89574236	3
63.9231772	1
63.95061204	3
63.97804688	0
64.00548172	1
64.03291656	0
64.0603514	0
64.08778624	0
64.11522108	3
64.14265592	0
64.17009076	1
64.1975256	1
64.22496044	0
64.25239528	0
64.27983012	0
64.30726496	0
64.3346998	0
64.36213464	1
64.38956948	1
64.41700432	1
64.44443916	3
64.471874	1
64.49930884	1
64.52674368	0
64.55417852	2
64.58161336	0
64.6090482	1
64.63648304	0
64.66391788	0
64.69135272	1
64.71878756	1
64.7462224	2
64.77365724	1
64.80109208	2
64.82852692	1
64.85596176	2
64.8833966	1
64.91083144	0
64.93826628	1
64.96570112	1
64.99313596	2
65.0205708	2
65.04800564	1
65.07544048	2
65.10287532	0
65.13031016	1
65.157745	0
65.18517984	0
65.21261468	1
65.24004952	1
65.26748436	1
65.2949192	2
65.32235404	0
65.34978888	0
65.37722372	0
65.40465856	0
65.4320934	1
65.45952824	0
65.48696308	1
65.51439792	0
65.54183276	0
65.5692676	0
65.59670244	0
65.62413728	2
65.65157212	0
65.67900696	2
65.7064418	0
65.73387664	0
65.76131148	0
65.78874632	0
65.81618116	0
65.843616	0
65.87105084	1
65.89848568	0
65.92592052	0
65.95335536	1
65.9807902	1
66.00822504	3
66.03565988	1
66.06309472	1
66.09052956	0
66.1179644	0
66.14539924	1
66.17283408	1
66.20026892	0
66.22770376	0
66.2551386	2
66.28257344	0
66.31000828	1
66.33744312	0
66.36487796	0
66.3923128	1
66.41974764	1
66.44718248	2
66.47461732	0
66.50205216	0
66.529487	0
66.55692184	0
66.58435668	1
66.61179152	0
66.63922636	0
66.6666612	2
66.69409604	0
66.72153088	3
66.74896572	0
66.77640056	0
66.8038354	1
66.83127024	2
66.858705079999993	1
66.88613992	1
66.91357476	0
66.9410096	2
66.96844444	0
66.99587928	0
67.02331412	1
67.05074896	0
67.0781838	0
67.10561864	0
67.13305348	0
67.16048832	0
67.18792316	1
67.215358	1
67.24279284	2
67.27022768	0
67.29766252	0
67.32509736	0
67.3525322	0
67.37996704	1
67.40740188	0
67.43483672	1
67.46227156	0
67.4897064	0
67.51714124	0
67.54457608	0
67.57201092	0
67.59944576	1
67.6268806	0
67.65431544	1
67.68175028	1
67.70918512	1
67.73661996	2
67.7640548	1
67.79148964	1
67.81892448	0
67.84635932	0
67.87379416	3
67.901229	0
67.92866384	0
67.95609868	1
67.98353352	0
68.01096836	0
68.0384032	0
68.06583804	1
68.09327288	1
68.12070772	1
68.14814256	0
68.1755774	1
68.20301224	1
68.23044708	1
68.25788192	1
68.28531676	1
68.3127516	0
68.34018644	0
68.36762128	0
68.39505612	2
68.42249096	0
68.4499258	1
68.47736064	1
68.50479548	1
68.53223032	1
68.55966516	1
68.5871	0
68.61453484	1
68.64196968	0
68.66940452	1
68.69683936	0
68.7242742	0
68.75170904	0
68.77914388	0
68.80657872	1
68.83401356	2
68.8614484	1
68.88888324	0
68.91631808	1
68.94375292	0
68.97118776	1
68.9986226	1
69.02605744	0
69.05349228	0
69.08092712	0
69.10836196	0
69.1357968	0
69.16323164	0
69.19066648	2
69.21810132	1
69.24553616	1
69.272971	0
69.30040584	1
69.32784068	0
69.35527552	1
69.38271036	0
69.4101452	1
69.43758004	0
69.46501488	1
69.49244972	0
69.51988456	0
69.5473194	0
69.57475424	1
69.60218908	3
69.62962392	0
69.65705876	1
69.6844936	1
69.71192844	3
69.73936328	2
69.76679812	3
69.79423296	0
69.8216678	1
69.84910264	2
69.87653748	0
69.90397232	0
69.93140716	1
69.958842	0
69.98627684	1
70.01371168	1
70.04114652	0
70.06858136	0
70.0960162	0
70.12345104	2
70.15088588	1
70.17832072	1
70.20575556	0
70.2331904	0
70.26062524	0
70.28806008	1
70.31549492	3
70.34292976	0
70.3703646	3
70.39779944	0
70.42523428	1
70.45266912	0
70.48010396	0
70.5075388	1
70.53497364	0
70.56240848	2
70.58984332	1
70.61727816	1
70.644713	1
70.67214784	1
70.69958268	4
70.72701752	0
70.75445236	0
70.7818872	0
70.80932204	1
70.83675688	1
70.86419172	0
70.89162656	2
70.9190614	2
70.94649624	0
70.97393108	0
71.00136592	0
71.02880076	2
71.0562356	0
71.08367044	0
71.11110528	2
71.13854012	3
71.16597496	2
71.1934098	0
71.22084464	0
71.24827948	0
71.27571432	0
71.30314916	1
71.330584	1
71.35801884	2
71.38545368	0
71.41288852	0
71.44032336	1
71.4677582	1
71.49519304	0
71.52262788	1
71.55006272	1
71.57749756	0
71.6049324	0
71.63236724	0
71.65980208	0
71.68723692	0
71.71467176	0
71.7421066	0
71.76954144	1
71.79697628	1
71.82441112	1
71.85184596	0
71.8792808	0
71.90671564	1
71.93415048	2
71.96158532	0
71.98902016	2
72.016455	3
72.04388984	0
72.07132468	0
72.09875952	1
72.12619436	1
72.1536292	0
72.18106404	1
72.20849888	1
72.23593372	0
72.26336856	1
72.2908034	0
72.31823824	1
72.34567308	2
72.37310792	0
72.40054276	0
72.4279776	0
72.45541244	1
72.48284728	0
72.51028212	0
72.53771696	3
72.5651518	0
72.59258664	1
72.62002148	0
72.64745632	0
72.67489116	1
72.702326	0
72.72976084	2
72.75719568	1
72.78463052	0
72.81206536	1
72.8395002	1
72.86693504	3
72.89436988	1
72.92180472	1
72.94923956	2
72.9766744	0
73.00410924	1
73.03154408	0
73.05897892	0
73.08641376	0
73.1138486	0
73.14128344	2
73.16871828	0
73.19615312	0
73.22358796	0
73.2510228	1
73.27845764	0
73.30589248	0
73.33332732	1
73.36076216	1
73.388197	0
73.41563184	2
73.44306668	0
73.47050152	0
73.49793636	0
73.5253712	1
73.55280604	1
73.58024088	2
73.60767572	1
73.63511056	0
73.6625454	0
73.68998024	0
73.71741508	3
73.74484992	0
73.77228476	1
73.7997196	0
73.82715444	2
73.85458928	2
73.88202412	0
73.90945896	1
73.936893800000007	0
73.96432864	0
73.99176348	0
74.01919832	0
74.04663316	2
74.074068	0
74.10150284	1
74.12893768	1
74.15637252	0
74.18380736	0
74.2112422	0
74.23867704	0
74.26611188	0
74.29354672	1
74.32098156	0
74.3484164	0
74.37585124	0
74.40328608	0
74.43072092	0
74.45815576	3
74.4855906	0
74.51302544	0
74.54046028	0
74.56789512	0
74.59532996	0
74.6227648	0
74.65019964	1
74.67763448	0
74.70506932	0
74.73250416	2
74.759939	0
74.78737384	0
74.81480868	3
74.84224352	1
74.86967836	1
74.8971132	1
74.92454804	1
74.95198288	0
74.97941772	2
75.00685256	0
75.0342874	2
75.06172224	0
75.08915708	1
75.11659192	2
75.14402676	0
75.1714616	1
75.19889644	0
75.22633128	1
75.25376612	0
75.28120096	0
75.3086358	1
75.33607064	0
75.36350548	0
75.39094032	1
75.41837516	1
75.44581	1
75.47324484	0
75.50067968	0
75.52811452	0
75.55554936	1
75.5829842	2
75.61041904	0
75.63785388	1
75.66528872	2
75.69272356	2
75.7201584	1
75.74759324	0
75.77502808	0
75.80246292	0
75.82989776	0
75.8573326	0
75.88476744	1
75.91220228	0
75.93963712	0
75.96707196	1
75.9945068	2
76.02194164	1
76.04937648	1
76.07681132	0
76.10424616	0
76.131681	0
76.15911584	2
76.18655068	0
76.21398552	0
76.24142036	2
76.2688552	1
76.29629004	0
76.32372488	0
76.35115972	0
76.37859456	2
76.4060294	0
76.43346424	2
76.46089908	0
76.48833392	0
76.51576876	4
76.5432036	0
76.57063844	1
76.59807328	0
76.62550812	0
76.65294296	0
76.6803778	1
76.70781264	0
76.73524748	0
76.76268232	2
76.79011716	1
76.817552	1
76.84498684	2
76.87242168	3
76.89985652	1
76.92729136	1
76.9547262	1
76.98216104	1
77.00959588	1
77.03703072	2
77.06446556	3
77.0919004	2
77.11933524	1
77.14677008	1
77.17420492	0
77.20163976	0
77.2290746	0
77.25650944	1
77.28394428	0
77.31137912	1
77.33881396	0
77.3662488	1
77.39368364	1
77.42111848	0
77.44855332	2
77.47598816	1
77.503423	1
77.53085784	1
77.55829268	1
77.58572752	0
77.61316236	0
77.6405972	1
77.66803204	1
77.69546688	2
77.72290172	0
77.75033656	1
77.7777714	1
77.80520624	0
77.83264108	5
77.86007592	0
77.88751076	0
77.9149456	0
77.94238044	0
77.96981528	1
77.99725012	0
78.02468496	0
78.0521198	0
78.07955464	2
78.10698948	0
78.13442432	1
78.16185916	0
78.189294	1
78.21672884	1
78.24416368	1
78.27159852	0
78.29903336	0
78.3264682	1
78.35390304	0
78.38133788	0
78.40877272	0
78.43620756	1
78.4636424	1
78.49107724	0
78.51851208	0
78.54594692	2
78.57338176	1
78.6008166	0
78.62825144	0
78.65568628	1
78.68312112	1
78.71055596	0
78.7379908	1
78.76542564	2
78.79286048	0
78.82029532	3
78.84773016	1
78.875165	0
78.90259984	0
78.93003468	1
78.95746952	0
78.98490436	0
79.0123392	2
79.03977404	0
79.06720888	0
79.09464372	0
79.12207856	1
79.1495134	0
79.17694824	1
79.20438308	0
79.23181792	2
79.25925276	0
79.2866876	0
79.31412244	0
79.34155728	0
79.36899212	2
79.39642696	0
79.4238618	1
79.45129664	0
79.47873148	0
79.50616632	1
79.53360116	0
79.561036	0
79.58847084	1
79.61590568	1
79.64334052	0
79.67077536	0
79.6982102	0
79.72564504	0
79.75307988	1
79.78051472	1
79.80794956	0
79.8353844	0
79.86281924	1
79.89025408	1
79.91768892	0
79.94512376	1
79.9725586	1
79.99999344	4
80.02742828	3
80.05486312	0
80.08229796	0
80.1097328	0
80.13716764	1
80.16460248	0
80.19203732	0
80.21947216	1
80.246907	0
80.27434184	1
80.30177668	1
80.32921152	1
80.35664636	1
80.3840812	0
80.41151604	1
80.43895088	1
80.46638572	0
80.49382056	1
80.5212554	1
80.54869024	1
80.57612508	0
80.60355992	0
80.63099476	1
80.6584296	1
80.68586444	1
80.71329928	2
80.74073412	0
80.76816896	0
80.7956038	0
80.82303864	2
80.85047348	0
80.87790832	0
80.90534316	1
80.932778	0
80.96021284	0
80.98764768	2
81.015082520000007	3
81.04251736	0
81.0699522	0
81.09738704	0
81.12482188	0
81.15225672	3
81.17969156	1
81.2071264	0
81.23456124	0
81.26199608	0
81.28943092	0
81.31686576	0
81.3443006	0
81.37173544	3
81.39917028	1
81.42660512	1
81.45403996	1
81.4814748	1
81.50890964	1
81.53634448	0
81.56377932	1
81.59121416	0
81.618649	0
81.64608384	0
81.67351868	2
81.70095352	1
81.72838836	0
81.7558232	1
81.78325804	0
81.81069288	1
81.83812772	2
81.86556256	1
81.8929974	0
81.92043224	0
81.94786708	1
81.97530192	1
82.00273676	1
82.0301716	1
82.05760644	0
82.08504128	3
82.11247612	0
82.13991096	0
82.1673458	1
82.19478064	0
82.22221548	0
82.24965032	1
82.27708516	1
82.30452	3
82.33195484	0
82.35938968	2
82.38682452	1
82.41425936	1
82.4416942	0
82.46912904	2
82.49656388	3
82.52399872	0
82.55143356	1
82.5788684	2
82.60630324	0
82.63373808	0
82.66117292	0
82.68860776	2
82.7160426	3
82.74347744	0
82.77091228	0
82.79834712	2
82.82578196	0
82.8532168	0
82.88065164	1
82.90808648	0
82.93552132	1
82.96295616	1
82.990391	0
83.01782584	0
83.04526068	1
83.07269552	0
83.10013036	0
83.1275652	2
83.15500004	0
83.18243488	1
83.20986972	0
83.23730456	0
83.2647394	2
83.29217424	4
83.31960908	1
83.34704392	0
83.37447876	1
83.4019136	1
83.42934844	0
83.45678328	2
83.48421812	2
83.51165296	2
83.5390878	0
83.56652264	2
83.59395748	0
83.62139232	0
83.64882716	0
83.676262	0
83.70369684	3
83.73113168	0
83.75856652	0
83.78600136	3
83.8134362	1
83.84087104	0
83.86830588	0
83.89574072	0
83.92317556	1
83.9506104	2
83.97804524	0
84.00548008	1
84.03291492	1
84.06034976	1
84.0877846	1
84.11521944	1
84.14265428	1
84.17008912	3
84.19752396	0
84.2249588	0
84.25239364	0
84.27982848	2
84.30726332	4
84.33469816	1
84.362133	2
84.38956784	1
84.41700268	1
84.44443752	1
84.47187236	0
84.4993072	1
84.52674204	0
84.55417688	4
84.58161172	0
84.60904656	1
84.6364814	1
84.66391624	0
84.69135108	0
84.71878592	2
84.74622076	0
84.7736556	1
84.80109044	0
84.82852528	2
84.85596012	0
84.88339496	0
84.9108298	0
84.93826464	0
84.96569948	0
84.99313432	1
85.02056916	1
85.048004	0
85.07543884	0
85.10287368	2
85.13030852	3
85.15774336	0
85.1851782	1
85.21261304	0
85.24004788	1
85.26748272	0
85.29491756	1
85.3223524	0
85.34978724	2
85.37722208	2
85.40465692	0
85.43209176	0
85.4595266	0
85.48696144	0
85.51439628	0
85.54183112	0
85.56926596	2
85.5967008	2
85.62413564	0
85.65157048	0
85.67900532	1
85.70644016	0
85.733875	1
85.76130984	0
85.78874468	0
85.81617952	1
85.84361436	1
85.8710492	0
85.89848404	0
85.92591888	0
85.95335372	1
85.98078856	5
86.0082234	0
86.03565824	1
86.06309308	2
86.09052792	1
86.11796276	0
86.1453976	1
86.17283244	1
86.20026728	1
86.22770212	0
86.25513696	0
86.2825718	1
86.31000664	0
86.33744148	1
86.36487632	1
86.39231116	2
86.419746	1
86.44718084	3
86.47461568	1
86.50205052	3
86.52948536	0
86.5569202	0
86.58435504	1
86.61178988	0
86.63922472	1
86.66665956	1
86.6940944	0
86.72152924	1
86.74896408	1
86.77639892	0
86.80383376	1
86.8312686	2
86.85870344	0
86.88613828	0
86.91357312	0
86.94100796	2
86.9684428	1
86.99587764	0
87.02331248	1
87.05074732	0
87.07818216	0
87.105617	0
87.13305184	1
87.16048668	1
87.18792152	1
87.21535636	1
87.2427912	0
87.27022604	1
87.29766088	1
87.32509572	0
87.35253056	1
87.3799654	1
87.40740024	1
87.43483508	0
87.46226992	1
87.48970476	2
87.5171396	1
87.54457444	0
87.57200928	0
87.59944412	1
87.62687896	1
87.6543138	1
87.68174864	0
87.70918348	1
87.73661832	1
87.76405316	0
87.791488	1
87.81892284	3
87.84635768	0
87.87379252	1
87.90122736	1
87.9286622	1
87.95609704	0
87.98353188	0
88.01096672	2
88.03840156	2
88.0658364	1
88.093271240000007	2
88.12070608	1
88.14814092	1
88.17557576	1
88.2030106	2
88.23044544	0
88.25788028	0
88.28531512	0
88.31274996	0
88.3401848	1
88.36761964	1
88.39505448	3
88.42248932	2
88.44992416	1
88.477359	0
88.50479384	1
88.53222868	1
88.55966352	1
88.58709836	0
88.6145332	0
88.64196804	0
88.66940288	1
88.69683772	0
88.72427256	0
88.7517074	1
88.77914224	0
88.80657708	2
88.83401192	1
88.86144676	2
88.8888816	2
88.91631644	0
88.94375128	2
88.97118612	0
88.99862096	1
89.0260558	1
89.05349064	3
89.08092548	1
89.10836032	1
89.13579516	2
89.16323	1
89.19066484	1
89.21809968	2
89.24553452	2
89.27296936	2
89.3004042	2
89.32783904	0
89.35527388	1
89.38270872	0
89.41014356	0
89.4375784	0
89.46501324	1
89.49244808	1
89.51988292	1
89.54731776	1
89.5747526	0
89.60218744	0
89.62962228	1
89.65705712	1
89.68449196	2
89.7119268	1
89.73936164	1
89.76679648	1
89.79423132	3
89.82166616	1
89.849101	0
89.87653584	1
89.90397068	1
89.93140552	2
89.95884036	0
89.9862752	0
90.01371004	2
90.04114488	2
90.06857972	1
90.09601456	1
90.1234494	1
90.15088424	1
90.17831908	3
90.20575392	0
90.23318876	0
90.2606236	2
90.28805844	1
90.31549328	0
90.34292812	0
90.37036296	1
90.3977978	1
90.42523264	2
90.45266748	0
90.48010232	1
90.50753716	0
90.534972	2
90.56240684	2
90.58984168	0
90.61727652	2
90.64471136	1
90.6721462	1
90.69958104	1
90.72701588	2
90.75445072	0
90.78188556	1
90.8093204	0
90.83675524	2
90.86419008	0
90.89162492	1
90.91905976	0
90.9464946	0
90.97392944	1
91.00136428	3
91.02879912	1
91.05623396	0
91.0836688	1
91.11110364	0
91.13853848	3
91.16597332	1
91.19340816	1
91.220843	0
91.24827784	1
91.27571268	1
91.30314752	1
91.33058236	2
91.3580172	0
91.38545204	1
91.41288688	1
91.44032172	1
91.46775656	0
91.4951914	0
91.52262624	1
91.55006108	1
91.57749592	0
91.60493076	0
91.6323656	0
91.65980044	0
91.68723528	1
91.71467012	1
91.74210496	0
91.7695398	1
91.79697464	0
91.82440948	2
91.85184432	3
91.87927916	1
91.906714	0
91.93414884	0
91.96158368	0
91.98901852	0
92.01645336	2
92.0438882	0
92.07132304	1
92.09875788	2
92.12619272	1
92.15362756	1
92.1810624	3
92.20849724	1
92.23593208	0
92.26336692	0
92.29080176	0
92.3182366	0
92.34567144	1
92.37310628	0
92.40054112	0
92.42797596	0
92.4554108	0
92.48284564	0
92.51028048	2
92.53771532	0
92.56515016	2
92.592585	1
92.62001984	0
92.64745468	0
92.67488952	0
92.70232436	0
92.7297592	0
92.75719404	1
92.78462888	1
92.81206372	0
92.83949856	0
92.8669334	1
92.89436824	1
92.92180308	0
92.94923792	1
92.97667276	0
93.0041076	0
93.03154244	1
93.05897728	2
93.08641212	1
93.11384696	0
93.1412818	0
93.16871664	0
93.19615148	0
93.22358632	0
93.25102116	1
93.278456	1
93.30589084	0
93.33332568	1
93.36076052	0
93.38819536	0
93.4156302	0
93.44306504	0
93.47049988	0
93.49793472	0
93.52536956	0
93.5528044	2
93.58023924	0
93.60767408	0
93.63510892	2
93.66254376	1
93.6899786	0
93.71741344	1
93.74484828	1
93.77228312	0
93.79971796	0
93.8271528	1
93.85458764	0
93.88202248	1
93.90945732	3
93.93689216	2
93.964327	0
93.99176184	0
94.01919668	1
94.04663152	0
94.07406636	1
94.1015012	2
94.12893604	1
94.15637088	1
94.18380572	1
94.21124056	0
94.2386754	1
94.26611024	0
94.29354508	1
94.32097992	0
94.34841476	0
94.3758496	1
94.40328444	0
94.43071928	1
94.45815412	1
94.48558896	0
94.5130238	0
94.54045864	1
94.56789348	1
94.59532832	0
94.62276316	0
94.650198	1
94.67763284	1
94.70506768	1
94.73250252	0
94.75993736	0
94.7873722	0
94.81480704	0
94.84224188	3
94.86967672	1
94.89711156	4
94.9245464	1
94.95198124	0
94.97941608	0
95.00685092	1
95.03428576	1
95.0617206	0
95.08915544	2
95.11659028	2
95.14402512	1
95.171459960000007	1
95.1988948	2
95.22632964	0
95.25376448	2
95.28119932	3
95.30863416	0
95.336069	0
95.36350384	1
95.39093868	1
95.41837352	0
95.44580836	0
95.4732432	1
95.50067804	1
95.52811288	2
95.55554772	0
95.58298256	1
95.6104174	0
95.63785224	0
95.66528708	2
95.69272192	1
95.72015676	0
95.7475916	0
95.77502644	1
95.80246128	0
95.82989612	1
95.85733096	1
95.8847658	1
95.91220064	0
95.93963548	1
95.96707032	0
95.99450516	0
96.02194	1
96.04937484	1
96.07680968	1
96.10424452	0
96.13167936	0
96.1591142	0
96.18654904	1
96.21398388	0
96.24141872	0
96.26885356	2
96.2962884	0
96.32372324	1
96.35115808	1
96.37859292	2
96.40602776	0
96.4334626	1
96.46089744	1
96.48833228	0
96.51576712	1
96.54320196	1
96.5706368	1
96.59807164	1
96.62550648	2
96.65294132	1
96.68037616	1
96.707811	1
96.73524584	1
96.76268068	1
96.79011552	0
96.81755036	1
96.8449852	1
96.87242004	1
96.89985488	2
96.92728972	1
96.95472456	1
96.9821594	0
97.00959424	0
97.03702908	0
97.06446392	0
97.09189876	2
97.1193336	1
97.14676844	0
97.17420328	0
97.20163812	0
97.22907296	0
97.2565078	0
97.28394264	1
97.31137748	0
97.33881232	1
97.36624716	0
97.393682	0
97.42111684	0
97.44855168	1
97.47598652	0
97.50342136	1
97.5308562	0
97.55829104	1
97.58572588	1
97.61316072	0
97.64059556	1
97.6680304	0
97.69546524	2
97.72290008	0
97.75033492	0
97.77776976	0
97.8052046	0
97.83263944	1
97.86007428	0
97.88750912	0
97.91494396	3
97.9423788	2
97.96981364	0
97.99724848	0
98.02468332	0
98.05211816	0
98.079553	0
98.10698784	0
98.13442268	0
98.16185752	1
98.18929236	1
98.2167272	1
98.24416204	0
98.27159688	0
98.29903172	1
98.32646656	1
98.3539014	0
98.38133624	1
98.40877108	0
98.43620592	0
98.46364076	3
98.4910756	0
98.51851044	1
98.54594528	3
98.57338012	0
98.60081496	1
98.6282498	0
98.65568464	1
98.68311948	1
98.71055432	0
98.73798916	0
98.765424	3
98.79285884	0
98.82029368	1
98.84772852	0
98.87516336	2
98.9025982	0
98.93003304	0
98.95746788	0
98.98490272	0
99.01233756	1
99.0397724	1
99.06720724	0
99.09464208	3
99.12207692	0
99.14951176	0
99.1769466	0
99.20438144	0
99.23181628	1
99.25925112	0
99.28668596	1
99.3141208	0
99.34155564	0
99.36899048	1
99.39642532	1
99.42386016	1
99.451295	0
99.47872984	0
99.50616468	0
99.53359952	0
99.56103436	1
99.5884692	0
99.61590404	2
99.64333888	0
99.67077372	0
99.69820856	2
99.7256434	0
99.75307824	0
99.78051308	0
99.80794792	3
99.83538276	0
99.8628176	0
99.89025244	0
99.91768728	0
99.94512212	0
99.97255696	0
99.9999918	0
100.02742664	1
100.05486148	0
100.08229632	1
100.10973116	1
100.137166	0
100.16460084	2
100.19203568	0
100.21947052	0
100.24690536	1
100.2743402	0
100.30177504	0
100.32920988	1
100.35664472	1
100.38407956	0
100.4115144	1
100.43894924	1
100.46638408	0
100.49381892	0
100.52125376	0
100.5486886	1
100.57612344	2
100.60355828	0
100.63099312	0
100.65842796	0
100.6858628	1
100.71329764	0
100.74073248	2
100.76816732	0
100.79560216	1
100.823037	0
100.85047184	2
100.87790668	2
100.90534152	1
100.93277636	0
100.9602112	0
100.98764604	1
101.01508088	0
101.04251572	0
101.06995056	0
101.0973854	1
101.12482024	0
101.15225508	0
101.17968992	1
101.20712476	1
101.2345596	0
101.26199444	1
101.28942928	2
101.31686412	1
101.34429896	0
101.3717338	0
101.39916864	0
101.42660348	0
101.45403832	0
101.48147316	0
101.508908	0
101.53634284	0
101.56377768	1
101.59121252	1
101.61864736	0
101.6460822	0
101.67351704	2
101.70095188	2
101.72838672	0
101.75582156	0
101.7832564	0
101.81069124	0
101.83812608	0
101.86556092	1
101.89299576	2
101.9204306	0
101.94786544	2
101.97530028	0
102.00273512	1
102.03016996	1
102.0576048	1
102.08503964	0
102.11247448	0
102.13990932	1
102.16734416	0
102.194779	0
102.22221384	0
102.24964868	0
102.27708352	0
102.30451836	0
102.3319532	0
102.35938804	1
102.38682288	4
102.41425772	0
102.44169256	1
102.4691274	0
102.49656224	1
102.52399708	0
102.55143192	2
102.57886676	0
102.6063016	0
102.63373644	0
102.66117128	0
102.68860612	0
102.71604096	1
102.7434758	0
102.77091064	0
102.79834548	1
102.82578032	1
102.85321516	0
102.88065	1
102.90808484	0
102.93551968	0
102.96295452	2
102.99038936	1
103.0178242	1
103.04525904	1
103.07269388	1
103.10012872	1
103.12756356	3
103.1549984	0
103.18243324	1
103.20986808	0
103.23730292	1
103.26473776	1
103.2921726	0
103.31960744	2
103.34704228	0
103.37447712	0
103.40191196	0
103.4293468	1
103.45678164	1
103.48421648	2
103.51165132	0
103.53908616	0
103.566521	0
103.59395584	0
103.62139068	0
103.64882552	1
103.67626036	0
103.7036952	2
103.73113004	1
103.75856488	1
103.78599972	0
103.81343456	0
103.8408694	0
103.86830424	1
103.89573908	0
103.92317392	0
103.95060876	0
103.9780436	1
104.00547844	1
104.03291328	1
104.06034812	0
104.08778296	0
104.1152178	0
104.14265264	0
104.17008748	0
104.19752232	0
104.22495716	1
104.252392	0
104.27982684	1
104.30726168	0
104.33469652	0
104.36213136	0
104.3895662	0
104.41700104	0
104.44443588	0
104.47187072	1
104.49930556	0
104.5267404	0
104.55417524	0
104.58161008	0
104.60904492	1
104.63647976	0
104.6639146	1
104.69134944	1
104.71878428	1
104.74621912	0
104.77365396	1
104.8010888	2
104.82852364	1
104.85595848	0
104.88339332	1
104.91082816	1
104.938263	1
104.96569784	0
104.99313268	0
105.02056752	0
105.04800236	0
105.0754372	0
105.10287204	2
105.13030688	1
105.15774172	1
105.18517656	2
105.2126114	1
105.24004624	0
105.26748108	1
105.29491592	0
105.32235076	0
105.3497856	0
105.37722044	1
105.40465528	0
105.43209012	1
105.45952496	0
105.4869598	1
105.51439464	0
105.54182948	1
105.56926432	0
105.59669916	0
105.624134	2
105.65156884	0
105.67900368	0
105.70643852	0
105.73387336	0
105.7613082	0
105.78874304	1
105.81617788	1
105.84361272	0
105.87104756	1
105.8984824	2
105.92591724	0
105.95335208	1
105.98078692	0
106.00822176	0
106.0356566	0
106.06309144	1
106.09052628	0
106.11796112	0
106.14539596	0
106.1728308	0
106.20026564	0
106.22770048	0
106.25513532	0
106.28257016	2
106.310005	0
106.33743984	0
106.36487468	0
106.39230952	1
106.41974436	0
106.4471792	0
106.47461404	0
106.50204888	1
106.52948372	0
106.55691856	0
106.5843534	0
106.61178824	1
106.63922308	1
106.66665792	0
106.69409276	1
106.7215276	1
106.74896244	0
106.77639728	0
106.80383212	0
106.83126696	0
106.8587018	0
106.88613664	0
106.91357148	0
106.94100632	0
106.96844116	0
106.995876	0
107.02331084	0
107.05074568	0
107.07818052	0
107.10561536	0
107.1330502	0
107.16048504	0
107.18791988	0
107.21535472	0
107.24278956	0
107.2702244	0
107.29765924	0
107.32509408	0
107.35252892	0
107.37996376	0
107.4073986	0
107.43483344	0
107.46226828	0
107.48970312	0
107.51713796	0
107.5445728	0
107.57200764	0
107.59944248	0
107.62687732	0
107.65431216	0
107.681747	0
107.70918184	0
107.73661668	0
107.76405152	0
107.79148636	0
107.8189212	0
107.84635604	0
107.87379088	0
107.90122572	0
107.92866056	0
107.9560954	0
107.98353024	0
108.01096508	0
108.03839992	0
108.06583476	0
108.0932696	0
108.12070444	0
108.14813928	0
108.17557412	0
108.20300896	0
108.2304438	0
108.25787864	0
108.28531348	0
108.31274832	0
108.34018316	0
108.367618	0
108.39505284	0
108.42248768	0
108.44992252	0
108.47735736	0
108.5047922	0
108.53222704	0
108.55966188	0
108.58709672	0
108.61453156	0
108.6419664	0
108.66940124	0
108.69683608	0
108.72427092	0
108.75170576	0
108.7791406	0
108.80657544	0
108.83401028	0
108.86144512	0
108.88887996	0
108.9163148	0
108.94374964	0
108.97118448	0
108.99861932	0
109.02605416	0
109.053489	0
109.08092384	0
109.10835868	0
109.13579351999999	0
109.16322836	0
109.1906632	0
109.21809804	0
109.24553288	0
109.27296772	0
109.30040256	0
109.3278374	0
109.35527224	0
109.38270708	0
109.41014192	0
109.43757676	0
109.4650116	0
109.49244644	0
109.51988128	0
109.54731612	0
109.57475096	0
109.6021858	0
109.62962064	0
109.65705548	0
109.68449032	0
109.71192516	0
109.73936	0
109.76679484	0
109.79422968	0
109.82166452	0
109.84909936	0
109.8765342	0
109.90396904	0
109.93140388	0
109.95883872	0
109.98627356	0
110.0137084	0
110.04114324	0
110.06857808	0
110.09601292	0
110.12344776	0
110.1508826	0
110.17831744	0
110.20575228	0
110.23318712	0
110.26062196	0
110.2880568	0
110.31549164	0
110.34292648	0
110.37036132	0
110.39779616	0
110.425231	0
110.45266584	0
110.48010068	0
110.50753552	0
110.53497036	0
110.5624052	0
110.58984004	0
110.61727488	0
110.64470972	0
110.67214456	0
110.6995794	0
110.72701424	0
110.75444908	0
110.78188392	0
110.80931876	0
110.8367536	0
110.86418844	0
110.89162328	0
110.91905812	0
110.94649296	0
110.9739278	0
111.00136264	0
111.02879748	0
111.05623232	0
111.08366716	0
111.111102	0
111.13853684	0
111.16597168	0
111.19340652	0
111.22084136	0
111.2482762	0
111.27571104	0
111.30314588	0
111.33058072	0
111.35801556	0
111.3854504	0
111.41288524	0
111.44032008	0
111.46775492	0
111.49518976	0
111.5226246	0
111.55005944	0
111.57749428	0
111.60492912	0
111.63236396	0
111.6597988	0
111.68723364	0
111.71466848	0
111.74210332	0
111.76953816	0
111.796973	0
111.82440784	0
111.85184268	0
111.87927752	0
111.90671236	0
111.9341472	0
111.96158204	0
111.98901688	0
112.01645172	0
112.04388656	0
112.0713214	0
112.09875624	0
112.12619108	0
112.15362592	0
112.18106076	0
112.2084956	0
112.23593044	0
112.26336528	0
112.29080012	0
112.31823496	0
112.3456698	0
112.37310464	0
