time	intensity
0.02743484	0
0.05486968	0
0.08230452	0
0.10973936	0
0.1371742	0
0.16460904	0
0.19204388	0
0.21947872	0
0.24691356	0
0.2743484	0
0.30178324	0
0.32921808	0
0.35665292	0
0.38408776	0
0.4115226	0
0.43895744	0
0.46639228	0
0.49382712	0
0.52126196	0
0.5486968	0
0.57613164	0
0.60356648	0
0.63100132	0
0.65843616	0
0.685871	0
0.71330584	0
0.74074068	0
0.76817552	0
0.79561036	0
0.8230452	0
0.85048004	0
0.87791488	0
0.90534972	0
0.93278456	0
0.9602194	0
0.98765424	0
1.01508908	0
1.04252392	0
1.06995876	0
1.0973936	0
1.12482844	0
1.15226328	0
1.17969812	0
1.20713296	0
1.2345678	0
1.26200264	0
1.28943748	0
1.31687232	0
1.34430716	0
1.371742	0
1.39917684	0
1.42661168	0
1.45404652	0
1.48148136	0
1.5089162	0
1.53635104	0
1.56378588	0
1.59122072	0
1.61865556	0
1.6460904	0
1.67352524	0
1.70096008	0
1.72839492	0
1.75582976	0
1.7832646	0
1.81069944	0
1.83813428	0
1.86556912	0
1.89300396	0
1.9204388	0
1.94787364	0
1.97530848	0
2.00274332	0
2.03017816	0
2.057613	0
2.08504784	0
2.11248268	0
2.13991752	0
2.16735236	0
2.1947872	0
2.22222204	0
2.24965688	0
2.27709172	0
2.30452656	0
2.3319614	0
2.35939624	0
2.38683108	0
2.41426592	0
2.44170076	0
2.4691356	0
2.49657044	0
2.52400528	0
2.55144012	0
2.57887496	0
2.6063098	0
2.63374464	0
2.66117948	0
2.68861432	0
2.71604916	0
2.743484	0
2.77091884	0
2.79835368	0
2.82578852	0
2.85322336	0
2.8806582	0
2.90809304	0
2.93552788	0
2.96296272	0
2.99039756	0
3.0178324	0
3.04526724	0
3.07270208	0
3.10013692	0
3.12757176	0
3.1550066	0
3.18244144	0
3.20987628	0
3.23731112	0
3.26474596	0
3.2921808	0
3.31961564	0
3.34705048	0
3.37448532	0
3.40192016	0
3.429355	0
3.45678984	0
3.48422468	0
3.51165952	0
3.53909436	0
3.5665292	0
3.59396404	0
3.62139888	0
3.64883372	0
3.67626856	0
3.7037034	0
3.73113824	0
3.75857308	0
3.78600792	0
3.81344276	0
3.8408776	0
3.86831244	0
3.89574728	0
3.92318212	0
3.95061696	0
3.9780518	0
4.00548664	0
4.03292148	0
4.06035632	0
4.08779116	0
4.115226	0
4.14266084	0
4.17009568	0
4.19753052	0
4.22496536	0
4.2524002	0
4.27983504	0
4.30726988	0
4.33470472	0
4.36213956	0
4.3895744	0
4.41700924	0
4.44444408	0
4.47187892	0
4.49931376	0
4.5267486	0
4.55418344	0
4.58161828	0
4.60905312	0
4.63648796	0
4.6639228	0
4.69135764	0
4.71879248	0
4.74622732	0
4.77366216	0
4.801097	0
4.82853184	0
4.85596668	0
4.88340152	0
4.91083636	0
4.9382712	0
4.96570604	0
4.99314088	0
5.02057572	0
5.04801056	0
5.0754454	0
5.10288024	0
5.13031508	0
5.15774992	0
5.18518476	0
5.2126196	0
5.24005444	0
5.26748928	0
5.29492412	0
5.32235896	0
5.3497938	0
5.37722864	0
5.40466348	0
5.43209832	0
5.45953316	0
5.486968	0
5.51440284	0
5.54183768	3
5.56927252	8
5.59670736	6
5.6241422	10
5.65157704	3
5.67901188	4
5.70644672	4
5.73388156	5
5.7613164	5
5.78875124	8
5.81618608	6
5.84362092	7
5.87105576	2
5.8984906	7
5.92592544	2
5.95336028	6
5.98079512	6
6.00822996	2
6.0356648	7
6.06309964	7
6.09053448	4
6.11796932	7
6.14540416	3
6.172839	4
6.20027384	6
6.22770868	2
6.25514352	6
6.28257836	1
6.3100132	3
6.33744804	4
6.36488288	5
6.39231772	7
6.41975256	7
6.4471874	3
6.47462224	2
6.50205708	2
6.52949192	4
6.55692676	3
6.5843616	7
6.61179644	3
6.63923128	4
6.66666612	7
6.69410096	2
6.7215358	8
6.74897064	5
6.77640548	7
6.80384032	4
6.83127516	6
6.85871	12
6.88614484	8
6.91357968	9
6.94101452	5
6.96844936	7
6.9958842	5
7.02331904	8
7.05075388	7
7.07818872	8
7.10562356	11
7.1330584	4
7.16049324	4
7.18792808	5
7.21536292	4
7.24279776	4
7.2702326	3
7.29766744	4
7.32510228	3
7.35253712	5
7.37997196	8
7.4074068	7
7.43484164	8
7.46227648	4
7.48971132	4
7.51714616	3
7.544581	8
7.57201584	10
7.59945068	8
7.62688552	8
7.65432036	6
7.6817552	5
7.70919004	6
7.73662488	5
7.76405972	5
7.79149456	6
7.8189294	4
7.84636424	4
7.87379908	7
7.90123392	4
7.92866876	5
7.9561036	6
7.98353844	6
8.01097328	6
8.03840812	2
8.06584296	8
8.0932778	6
8.12071264	5
8.14814748	7
8.17558232	4
8.20301716	4
8.230452	3
8.25788684	5
8.28532168	7
8.31275652	5
8.34019136	6
8.3676262	4
8.39506104	5
8.42249588	4
8.44993072	3
8.47736556	6
8.5048004	7
8.53223524	4
8.55967008	8
8.58710492	6
8.61453976	2
8.6419746	3
8.66940944	7
8.69684428	6
8.72427912	7
8.75171396	9
8.7791488	0
8.80658364	8
8.83401848	6
8.86145332	3
8.88888816	3
8.916323	6
8.94375784	6
8.97119268	4
8.99862752	9
9.02606236	4
9.0534972	7
9.08093204	7
9.10836688	8
9.13580172	8
9.16323656	3
9.1906714	7
9.21810624	3
9.24554108	3
9.27297592	0
9.30041076	1
9.3278456	8
9.35528044	5
9.38271528	7
9.41015012	10
9.43758496	6
9.4650198	8
9.49245464	3
9.51988948	6
9.54732432	9
9.57475916	7
9.602194	7
9.62962884	5
9.65706368	2
9.68449852	5
9.71193336	8
9.7393682	6
9.76680304	5
9.79423788	4
9.82167272	3
9.84910756	6
9.8765424	13
9.90397724	2
9.93141208	9
9.95884692	3
9.98628176	6
10.0137166	10
10.04115144	11
10.06858628	4
10.09602112	3
10.12345596	5
10.1508908	6
10.17832564	0
10.20576048	4
10.23319532	5
10.26063016	5
10.288065	5
10.31549984	5
10.34293468	6
10.37036952	2
10.39780436	6
10.4252392	5
10.45267404	3
10.48010888	7
10.50754372	5
10.53497856	4
10.5624134	4
10.58984824	1
10.61728308	4
10.64471792	7
10.67215276	4
10.6995876	7
10.72702244	9
10.75445728	9
10.78189212	10
10.80932696	2
10.8367618	5
10.86419664	7
10.89163148	9
10.91906632	7
10.94650116	4
10.973936	5
11.00137084	2
11.02880568	4
11.05624052	3
11.08367536	2
11.1111102	5
11.13854504	6
11.16597988	3
11.19341472	7
11.22084956	3
11.2482844	4
11.27571924	5
11.30315408	7
11.33058892	5
11.35802376	5
11.3854586	6
11.41289344	5
11.44032828	7
11.46776312	6
11.49519796	4
11.5226328	5
11.55006764	4
11.57750248	10
11.60493732	3
11.63237216	4
11.659807	6
11.68724184	5
11.71467668	8
11.74211152	8
11.76954636	4
11.7969812	3
11.82441604	7
11.85185088	2
11.87928572	2
11.90672056	0
11.9341554	6
11.96159024	6
11.98902508	7
12.01645992	8
12.04389476	4
12.0713296	5
12.09876444	8
12.12619928	8
12.15363412	2
12.18106896	10
12.2085038	3
12.23593864	2
12.26337348	4
12.29080832	5
12.31824316	4
12.345678	6
12.37311284	8
12.40054768	7
12.42798252	5
12.45541736	10
12.4828522	6
12.51028704	3
12.53772188	8
12.56515672	7
12.59259156	3
12.6200264	2
12.64746124	6
12.67489608	6
12.70233092	8
12.72976576	4
12.7572006	5
12.78463544	6
12.81207028	10
12.83950512	7
12.86693996	8
12.8943748	3
12.92180964	11
12.94924448	9
12.97667932	5
13.00411416	5
13.031549	5
13.05898384	11
13.08641868	2
13.11385352	1
13.14128836	6
13.1687232	4
13.19615804	6
13.22359288	11
13.25102772	10
13.27846256	8
13.3058974	6
13.33333224	6
13.36076708	4
13.38820192	4
13.41563676	7
13.4430716	3
13.47050644	2
13.49794128	3
13.52537612	1
13.55281096	6
13.5802458	1
13.60768064	5
13.63511548	9
13.66255032	9
13.68998516	5
13.71742	5
13.74485484	6
13.77228968	13
13.79972452	3
13.82715936	5
13.8545942	7
13.88202904	6
13.90946388	10
13.93689872	6
13.96433356	2
13.9917684	10
14.01920324	2
14.04663808	4
14.07407292	4
14.10150776	2
14.1289426	6
14.15637744	5
14.18381228	3
14.21124712	5
14.23868196	3
14.2661168	2
14.29355164	6
14.32098648	4
14.34842132	6
14.37585616	6
14.403291	4
14.43072584	4
14.45816068	0
14.48559552	9
14.51303036	8
14.5404652	4
14.56790004	4
14.59533488	7
14.62276972	7
14.65020456	10
14.6776394	8
14.70507424	5
14.73250908	2
14.75994392	6
14.78737876	7
14.8148136	10
14.84224844	7
14.86968328	7
14.89711812	8
14.92455296	4
14.9519878	4
14.97942264	7
15.00685748	2
15.03429232	2
15.06172716	5
15.089162	2
15.11659684	5
15.14403168	4
15.17146652	5
15.19890136	8
15.2263362	5
15.25377104	6
15.28120588	0
15.30864072	5
15.33607556	6
15.3635104	5
15.39094524	4
15.41838008	2
15.44581492	5
15.47324976	6
15.5006846	4
15.52811944	4
15.55555428	4
15.58298912	7
15.61042396	4
15.6378588	6
15.66529364	5
15.69272848	6
15.72016332	3
15.74759816	8
15.775033	4
15.80246784	2
15.82990268	9
15.85733752	6
15.88477236	5
15.9122072	2
15.93964204	5
15.96707688	2
15.99451172	5
16.02194656	6
16.0493814	5
16.07681624	6
16.10425108	6
16.13168592	5
16.15912076	8
16.1865556	8
16.21399044	2
16.24142528	4
16.26886012	8
16.29629496	5
16.3237298	2
16.35116464	6
16.37859948	10
16.40603432	5
16.43346916	6
16.460904	1
16.48833884	11
16.51577368	5
16.54320852	2
16.57064336	2
16.5980782	6
16.62551304	5
16.65294788	7
16.68038272	3
16.70781756	7
16.7352524	4
16.76268724	9
16.79012208	4
16.81755692	3
16.84499176	4
16.8724266	6
16.89986144	2
16.92729628	8
16.95473112	5
16.98216596	4
17.0096008	5
17.03703564	6
17.06447048	8
17.09190532	3
17.11934016	3
17.146775	2
17.17420984	11
17.20164468	7
17.22907952	3
17.25651436	5
17.2839492	5
17.31138404	6
17.33881888	3
17.36625372	3
17.39368856	7
17.4211234	5
17.44855824	5
17.47599308	5
17.50342792	2
17.53086276	2
17.5582976	5
17.58573244	9
17.61316728	6
17.64060212	3
17.66803696	9
17.6954718	3
17.72290664	3
17.75034148	6
17.77777632	1
17.80521116	7
17.832646	3
17.86008084	5
17.88751568	8
17.91495052	5
17.94238536	3
17.9698202	3
17.99725504	5
18.02468988	5
18.05212472	4
18.07955956	2
18.1069944	1
18.13442924	2
18.16186408	2
18.18929892	4
18.21673376	8
18.2441686	2
18.27160344	4
18.29903828	5
18.32647312	3
18.35390796	7
18.3813428	4
18.40877764	4
18.43621248	10
18.46364732	3
18.49108216	4
18.518517	3
18.54595184	6
18.57338668	5
18.60082152	3
18.62825636	5
18.6556912	7
18.68312604	4
18.71056088	4
18.73799572	3
18.76543056	0
18.7928654	4
18.82030024	5
18.84773508	3
18.87516992	2
18.90260476	6
18.9300396	5
18.95747444	0
18.98490928	4
19.01234412	4
19.03977896	6
19.0672138	6
19.09464864	10
19.12208348	3
19.14951832	4
19.17695316	5
19.204388	10
19.23182284	5
19.25925768	3
19.28669252	3
19.31412736	4
19.3415622	6
19.36899704	11
19.39643188	4
19.42386672	6
19.45130156	5
19.4787364	6
19.50617124	6
19.53360608	5
19.56104092	5
19.58847576	9
19.6159106	5
19.64334544	6
19.67078028	6
19.69821512	9
19.72564996	3
19.7530848	3
19.78051964	5
19.80795448	8
19.83538932	10
19.86282416	8
19.890259	2
19.91769384	2
19.94512868	6
19.97256352	5
19.99999836	4
20.0274332	4
20.05486804	4
20.08230288	6
20.10973772	2
20.13717256	5
20.1646074	4
20.19204224	6
20.21947708	6
20.24691192	7
20.27434676	7
20.3017816	5
20.32921644	2
20.35665128	5
20.38408612	5
20.41152096	6
20.4389558	7
20.46639064	7
20.49382548	2
20.52126032	6
20.54869516	6
20.57613	7
20.60356484	4
20.63099968	5
20.65843452	7
20.68586936	6
20.7133042	7
20.74073904	3
20.76817388	7
20.79560872	7
20.82304356	5
20.8504784	2
20.87791324	9
20.90534808	5
20.93278292	4
20.96021776	5
20.9876526	5
21.01508744	5
21.04252228	6
21.06995712	5
21.09739196	6
21.1248268	6
21.15226164	6
21.17969648	6
21.20713132	5
21.23456616	2
21.262001	7
21.28943584	5
21.31687068	6
21.34430552	3
21.37174036	6
21.3991752	4
21.42661004	6
21.45404488	6
21.48147972	5
21.50891456	5
21.5363494	5
21.56378424	9
21.59121908	7
21.61865392	5
21.64608876	5
21.6735236	2
21.70095844	10
21.72839328	10
21.75582812	6
21.78326296	4
21.8106978	7
21.83813264	9
21.86556748	6
21.89300232	3
21.92043716	6
21.947872	5
21.97530684	5
22.00274168	4
22.03017652	6
22.05761136	4
22.0850462	9
22.11248104	4
22.13991588	4
22.16735072	2
22.19478556	6
22.2222204	5
22.24965524	1
22.27709008	10
22.30452492	4
22.33195976	6
22.3593946	5
22.38682944	6
22.41426428	4
22.44169912	2
22.46913396	3
22.4965688	5
22.52400364	3
22.55143848	7
22.57887332	4
22.60630816	6
22.633743	5
22.66117784	7
22.68861268	8
22.71604752	6
22.74348236	8
22.7709172	4
22.79835204	4
22.82578688	7
22.85322172	6
22.88065656	6
22.9080914	2
22.93552624	4
22.96296108	5
22.99039592	4
23.01783076	4
23.0452656	5
23.07270044	6
23.10013528	4
23.12757012	6
23.15500496	12
23.1824398	2
23.20987464	7
23.23730948	7
23.26474432	4
23.29217916	4
23.319614	7
23.34704884	4
23.37448368	3
23.40191852	3
23.42935336	1
23.4567882	3
23.48422304	2
23.51165788	8
23.53909272	5
23.56652756	4
23.5939624	5
23.62139724	3
23.64883208	8
23.67626692	6
23.70370176	6
23.7311366	4
23.75857144	4
23.78600628	3
23.81344112	6
23.84087596	7
23.8683108	7
23.89574564	5
23.92318048	5
23.95061532	3
23.97805016	6
24.005485	3
24.03291984	5
24.06035468	7
24.08778952	7
24.11522436	8
24.1426592	3
24.17009404	7
24.19752888	6
24.22496372	5
24.25239856	6
24.2798334	3
24.30726824	9
24.33470308	0
24.36213792	6
24.38957276	4
24.4170076	7
24.44444244	4
24.47187728	6
24.49931212	5
24.52674696	5
24.5541818	2
24.58161664	5
24.60905148	8
24.63648632	4
24.66392116	7
24.691356	7
24.71879084	7
24.74622568	6
24.77366052	6
24.80109536	2
24.8285302	7
24.85596504	3
24.88339988	5
24.91083472	2
24.93826956	6
24.9657044	4
24.99313924	7
25.02057408	4
25.04800892	3
25.07544376	3
25.1028786	5
25.13031344	4
25.15774828	5
25.18518312	2
25.21261796	8
25.2400528	6
25.26748764	4
25.29492248	2
25.32235732	7
25.34979216	4
25.377227	5
25.40466184	6
25.43209668	3
25.45953152	2
25.48696636	5
25.5144012	4
25.54183604	4
25.56927088	6
25.59670572	2
25.62414056	7
25.6515754	8
25.67901024	1
25.70644508	1
25.73387992	8
25.76131476	5
25.7887496	5
25.81618444	2
25.84361928	4
25.87105412	4
25.89848896	8
25.9259238	5
25.95335864	6
25.98079348	5
26.00822832	6
26.03566316	5
26.063098	6
26.09053284	3
26.11796768	9
26.14540252	6
26.17283736	6
26.2002722	3
26.22770704	5
26.25514188	6
26.28257672	4
26.31001156	6
26.3374464	2
26.36488124	7
26.39231608	4
26.41975092	5
26.44718576	7
26.4746206	2
26.50205544	4
26.52949028	4
26.55692512	3
26.58435996	1
26.6117948	6
26.63922964	1
26.66666448	5
26.69409932	3
26.72153416	4
26.748969	1
26.77640384	2
26.80383868	7
26.83127352	3
26.85870836	4
26.8861432	5
26.91357804	5
26.94101288	5
26.96844772	6
26.99588256	5
27.0233174	4
27.05075224	5
27.07818708	6
27.10562192	2
27.13305676	8
27.1604916	4
27.18792644	6
27.21536128	2
27.24279612	6
27.27023096	8
27.2976658	7
27.32510064	6
27.35253548	7
27.37997032	7
27.40740516	4
27.43484	8
27.46227484	9
27.48970968	7
27.51714452	11
27.54457936	8
27.5720142	8
27.59944904	6
27.62688388	11
27.65431872	15
27.68175356	10
27.7091884	42
27.73662324	43
27.76405808	90
27.79149292	186
27.81892776	386
27.8463626	632
27.87379744	1233
27.90123228	1904
27.92866712	2783
27.95610196	3878
27.9835368	4920
28.01097164	5892
28.03840648	6763
28.06584132	7392
28.09327616	8110
28.120711	8442
28.14814584	8708
28.17558068	9190
28.20301552	9254
28.23045036	9424
28.2578852	9705
28.28532004	9487
28.31275488	9571
28.34018972	9647
28.36762456	9737
28.3950594	9765
28.42249424	10000
28.44992908	9773
28.47736392	9759
28.50479876	9754
28.5322336	9662
28.55966844	9461
28.58710328	9395
28.61453812	9190
28.64197296	9244
28.6694078	9149
28.69684264	9381
28.72427748	9218
28.75171232	8911
28.77914716	9121
28.806582	8876
28.83401684	8761
28.86145168	8624
28.88888652	8817
28.91632136	8655
28.9437562	8537
28.97119104	8318
28.99862588	8258
29.02606072	8366
29.053495560000002	8185
29.0809304	8105
29.10836524	8080
29.13580008	7988
29.16323492	7975
29.19066976	7978
29.2181046	7987
29.24553944	7675
29.27297428	7760
29.30040912	7583
29.32784396	7737
29.3552788	7501
29.38271364	7657
29.41014848	7425
29.43758332	7371
29.46501816	7296
29.492453	7332
29.51988784	7419
29.54732268	7270
29.57475752	7092
29.60219236	7075
29.6296272	6754
29.65706204	6875
29.68449688	6748
29.71193172	6718
29.73936656	6737
29.7668014	6795
29.79423624	6593
29.82167108	6667
29.84910592	6598
29.87654076	6573
29.9039756	6363
29.93141044	6290
29.95884528	6358
29.98628012	6287
30.01371496	6347
30.0411498	6166
30.06858464	6107
30.09601948	6058
30.12345432	6104
30.15088916	6025
30.178324	5782
30.20575884	5821
30.23319368	5799
30.26062852	5696
30.28806336	5700
30.3154982	5602
30.34293304	5700
30.37036788	5629
30.39780272	5591
30.42523756	5538
30.4526724	5510
30.48010724	5357
30.50754208	5316
30.53497692	5181
30.56241176	5119
30.5898466	5354
30.61728144	5142
30.64471628	5240
30.67215112	5080
30.69958596	5103
30.7270208	4999
30.75445564	4979
30.78189048	4965
30.80932532	4967
30.83676016	4938
30.864195	4724
30.89162984	4911
30.91906468	4812
30.94649952	4680
30.97393436	4667
31.0013692	4737
31.02880404	4544
31.05623888	4485
31.08367372	4399
31.11110856	4598
31.1385434	4529
31.16597824	4453
31.19341308	4366
31.22084792	4379
31.24828276	4251
31.2757176	4275
31.30315244	4328
31.33058728	4253
31.35802212	4138
31.38545696	4122
31.4128918	4140
31.44032664	4047
31.46776148	4029
31.49519632	4056
31.52263116	4041
31.550066	3973
31.57750084	3963
31.60493568	3996
31.63237052	3851
31.65980536	3782
31.6872402	3756
31.71467504	3769
31.74210988	3852
31.76954472	3829
31.79697956	3796
31.8244144	3607
31.85184924	3644
31.87928408	3651
31.90671892	3657
31.93415376	3648
31.9615886	3527
31.98902344	3448
32.01645828	3367
32.04389312	3547
32.07132796	3343
32.0987628	3423
32.12619764	3292
32.15363248	3433
32.18106732	3304
32.20850216	3355
32.235937	3331
32.26337184	3146
32.29080668	3221
32.31824152	3197
32.34567636	3259
32.3731112	3170
32.40054604	3168
32.42798088	3044
32.45541572	3067
32.48285056	3045
32.5102854	3017
32.53772024	2971
32.56515508	2963
32.59258992	2939
32.62002476	3000
32.6474596	2933
32.67489444	2898
32.70232928	2790
32.72976412	2875
32.75719896	2942
32.7846338	2812
32.81206864	2880
32.83950348	2732
32.86693832	2800
32.89437316	2719
32.921808	2814
32.94924284	2692
32.97667768	2740
33.00411252	2690
33.03154736	2577
33.0589822	2590
33.08641704	2669
33.11385188	2583
33.14128672	2624
33.16872156	2549
33.1961564	2518
33.22359124	2464
33.25102608	2464
33.27846092	2487
33.30589576	2453
33.3333306	2464
33.36076544	2359
33.38820028	2453
33.41563512	2399
33.44306996	2386
33.4705048	2375
33.49793964	2265
33.52537448	2358
33.55280932	2310
33.58024416	2283
33.607679	2252
33.63511384	2243
33.66254868	2244
33.68998352	2270
33.71741836	2224
33.7448532	2053
33.77228804	2208
33.79972288	2203
33.82715772	2207
33.85459256	2237
33.8820274	2146
33.90946224	2118
33.93689708	1975
33.96433192	2045
33.99176676	2007
34.0192016	2035
34.04663644	2051
34.07407128	2035
34.10150612	2048
34.12894096	1976
34.1563758	2014
34.18381064	1973
34.21124548	1938
34.23868032	1947
34.26611516	1932
34.29355	1833
34.32098484	1918
34.34841968	1875
34.37585452	1886
34.40328936	1853
34.4307242	1780
34.45815904	1841
34.48559388	1769
34.51302872	1744
34.54046356	1818
34.5678984	1723
34.59533324	1704
34.62276808	1747
34.65020292	1807
34.67763776	1813
34.7050726	1675
34.73250744	1672
34.75994228	1613
34.78737712	1702
34.81481196	1653
34.8422468	1612
34.86968164	1643
34.89711648	1593
34.92455132	1596
34.95198616	1562
34.979421	1577
35.00685584	1527
35.03429068	1596
35.06172552	1463
35.08916036	1519
35.1165952	1454
35.14403004	1455
35.17146488	1564
35.19889972	1421
35.22633456	1484
35.2537694	1512
35.28120424	1512
35.30863908	1394
35.33607392	1385
35.36350876	1444
35.3909436	1418
35.41837844	1418
35.44581328	1367
35.47324812	1377
35.50068296	1392
35.5281178	1365
35.55555264	1416
35.58298748	1370
35.61042232	1392
35.63785716	1324
35.665292	1294
35.69272684	1328
35.72016168	1331
35.74759652	1272
35.77503136	1262
35.8024662	1308
35.82990104	1336
35.85733588	1274
35.88477072	1232
35.91220556	1315
35.9396404	1339
35.96707524	1185
35.99451008	1243
36.02194492	1150
36.04937976	1166
36.0768146	1164
36.10424944	1148
36.13168428	1203
36.15911912	1239
36.18655396	1177
36.2139888	1179
36.24142364	1155
36.26885848	1153
36.29629332	1131
36.32372816	1158
36.351163	1034
36.37859784	1136
36.40603268	1109
36.43346752	1073
36.46090236	1086
36.4883372	1059
36.51577204	1092
36.54320688	1045
36.57064172	1023
36.59807656	1040
36.6255114	1042
36.65294624	1038
36.68038108	1056
36.70781592	1037
36.73525076	977
36.7626856	953
36.79012044	981
36.81755528	977
36.84499012	979
36.87242496	976
36.8998598	1006
36.92729464	970
36.95472948	951
36.98216432	978
37.00959916	977
37.037034	910
37.06446884	935
37.09190368	917
37.11933852	923
37.14677336	960
37.1742082	916
37.20164304	948
37.22907788	860
37.25651272	884
37.28394756	855
37.3113824	843
37.33881724	902
37.36625208	868
37.39368692	841
37.42112176	810
37.4485566	800
37.47599144	882
37.50342628	850
37.53086112	845
37.55829596	840
37.5857308	835
37.61316564	883
37.64060048	832
37.66803532	828
37.69547016	825
37.722905	797
37.75033984	792
37.77777468	804
37.80520952	760
37.83264436	814
37.8600792	771
37.88751404	768
37.91494888	762
37.94238372	782
37.96981856	753
37.9972534	802
38.02468824	768
38.05212308	744
38.07955792	769
38.10699276	794
38.1344276	747
38.16186244	705
38.18929728	751
38.21673212	709
38.24416696	726
38.2716018	717
38.29903664	687
38.32647148	720
38.35390632	708
38.38134116	639
38.408776	630
38.43621084	686
38.46364568	659
38.49108052	696
38.51851536	630
38.5459502	648
38.57338504	649
38.60081988	657
38.62825472	659
38.65568956	644
38.6831244	630
38.71055924	631
38.73799408	560
38.76542892	632
38.79286376	605
38.8202986	605
38.84773344	583
38.87516828	577
38.90260312	605
38.93003796	584
38.9574728	614
38.98490764	598
39.01234248	566
39.03977732	563
39.06721216	546
39.094647	575
39.12208184	562
39.14951668	520
39.17695152	561
39.20438636	565
39.2318212	514
39.25925604	513
39.28669088	555
39.31412572	559
39.34156056	543
39.3689954	531
39.39643024	519
39.42386508	525
39.45129992	496
39.47873476	544
39.5061696	551
39.53360444	545
39.56103928	491
39.58847412	553
39.61590896	513
39.6433438	504
39.67077864	503
39.69821348	533
39.72564832	463
39.75308316	509
39.780518	504
39.80795284	419
39.83538768	493
39.86282252	492
39.89025736	436
39.9176922	502
39.94512704	501
39.97256188	467
39.99999672	494
40.02743156	439
40.0548664	459
40.08230124	450
40.10973608	478
40.13717092	471
40.16460576	406
40.1920406	443
40.21947544	477
40.24691028	460
40.27434512	444
40.30177996	416
40.3292148	398
40.35664964	406
40.38408448	443
40.41151932	413
40.43895416	434
40.466389	420
40.49382384	414
40.52125868	386
40.54869352	388
40.57612836	364
40.6035632	414
40.63099804	375
40.65843288	380
40.68586772	375
40.71330256	359
40.7407374	373
40.76817224	389
40.79560708	384
40.82304192	330
40.85047676	379
40.8779116	390
40.90534644	359
40.93278128	360
40.96021612	329
40.98765096	379
41.0150858	374
41.04252064	388
41.06995548	369
41.09739032	341
41.12482516	351
41.15226	382
41.17969484	378
41.20712968	343
41.23456452	368
41.26199936	367
41.2894342	381
41.31686904	346
41.34430388	316
41.37173872	364
41.39917356	322
41.4266084	318
41.45404324	313
41.48147808	339
41.50891292	339
41.53634776	330
41.5637826	326
41.59121744	320
41.61865228	337
41.64608712	319
41.67352196	300
41.7009568	301
41.72839164	315
41.75582648	320
41.78326132	333
41.81069616	320
41.838131	309
41.86556584	297
41.89300068	251
41.92043552	286
41.94787036	311
41.9753052	309
42.00274004	265
42.03017488	276
42.05760972	261
42.08504456	280
42.1124794	287
42.13991424	270
42.16734908	287
42.19478392	253
42.22221876	292
42.2496536	266
42.27708844	273
42.30452328	287
42.33195812	276
42.35939296	246
42.3868278	302
42.41426264	238
42.44169748	266
42.46913232	292
42.49656716	247
42.524002	256
42.55143684	249
42.57887168	280
42.60630652	270
42.63374136	231
42.6611762	244
42.68861104	252
42.71604588	231
42.74348072	258
42.77091556	219
42.7983504	226
42.82578524	255
42.85322008	251
42.88065492	266
42.90808976	217
42.9355246	242
42.96295944	230
42.99039428	236
43.01782912	248
43.04526396	232
43.0726988	224
43.10013364	241
43.12756848	239
43.15500332	252
43.18243816	244
43.209873	207
43.23730784	211
43.26474268	194
43.29217752	234
43.31961236	235
43.3470472	208
43.37448204	233
43.40191688	211
43.42935172	189
43.45678656	204
43.4842214	213
43.51165624	219
43.53909108	207
43.56652592	186
43.59396076	212
43.6213956	224
43.64883044	203
43.67626528	197
43.70370012	189
43.73113496	189
43.7585698	197
43.78600464	200
43.81343948	196
43.84087432	203
43.86830916	200
43.895744	206
43.92317884	207
43.95061368	217
43.97804852	207
44.00548336	184
44.0329182	160
44.06035304	173
44.08778788	180
44.11522272	198
44.14265756	190
44.1700924	186
44.19752724	186
44.22496208	172
44.25239692	193
44.27983176	172
44.3072666	175
44.33470144	160
44.36213628	161
44.38957112	155
44.41700596	186
44.4444408	159
44.47187564	175
44.49931048	160
44.52674532	209
44.55418016	169
44.581615	170
44.60904984	160
44.63648468	149
44.66391952	141
44.69135436	138
44.7187892	165
44.74622404	156
44.77365888	161
44.80109372	152
44.82852856	137
44.8559634	147
44.88339824	171
44.91083308	144
44.93826792	140
44.96570276	176
44.9931376	151
45.02057244	164
45.04800728	160
45.07544212	160
45.10287696	146
45.1303118	138
45.15774664	132
45.18518148	160
45.21261632	132
45.24005116	139
45.267486	153
45.29492084	146
45.32235568	133
45.34979052	135
45.37722536	151
45.4046602	145
45.43209504	140
45.45952988	139
45.48696472	126
45.51439956	138
45.5418344	115
45.56926924	156
45.59670408	120
45.62413892	132
45.65157376	151
45.6790086	139
45.70644344	126
45.73387828	138
45.76131312	141
45.78874796	129
45.8161828	128
45.84361764	127
45.87105248	120
45.89848732	133
45.92592216	146
45.953357	130
45.98079184	118
46.00822668	127
46.03566152	115
46.06309636	120
46.0905312	100
46.11796604	124
46.14540088	108
46.17283572	114
46.20027056	128
46.2277054	103
46.25514024	103
46.28257508	133
46.31000992	124
46.33744476	120
46.3648796	98
46.39231444	118
46.41974928	117
46.44718412	120
46.47461896	129
46.5020538	110
46.52948864	126
46.55692348	93
46.58435832	114
46.61179316	95
46.639228	106
46.66666284	123
46.69409768	108
46.72153252	106
46.74896736	109
46.7764022	119
46.80383704	93
46.83127188	100
46.85870672	107
46.88614156	89
46.9135764	101
46.94101124	96
46.96844608	109
46.99588092	93
47.02331576	88
47.0507506	94
47.07818544	109
47.10562028	111
47.13305512	109
47.16048996	124
47.1879248	102
47.21535964	109
47.24279448	100
47.27022932	108
47.29766416	96
47.325099	90
47.35253384	83
47.37996868	103
47.40740352	82
47.43483836	81
47.4622732	84
47.48970804	92
47.51714288	68
47.54457772	93
47.57201256	87
47.5994474	88
47.62688224	89
47.65431708	75
47.68175192	89
47.70918676	76
47.7366216	85
47.76405644	87
47.79149128	87
47.81892612	73
47.84636096	86
47.8737958	66
47.90123064	91
47.92866548	90
47.95610032	73
47.98353516	96
48.01097	77
48.03840484	87
48.06583968	84
48.09327452	75
48.12070936	93
48.1481442	80
48.17557904	62
48.20301388	89
48.23044872	78
48.25788356	90
48.2853184	68
48.31275324	76
48.34018808	73
48.36762292	64
48.39505776	72
48.4224926	81
48.44992744	74
48.47736228	66
48.50479712	70
48.53223196	92
48.5596668	73
48.58710164	77
48.61453648	76
48.64197132	67
48.66940616	73
48.696841	71
48.72427584	56
48.75171068	72
48.77914552	78
48.80658036	53
48.8340152	91
48.86145004	63
48.88888488	46
48.91631972	82
48.94375456	73
48.9711894	64
48.99862424	68
49.02605908	64
49.05349392	58
49.08092876	66
49.1083636	82
49.13579844	67
49.16323328	74
49.19066812	79
49.21810296	62
49.2455378	62
49.27297264	74
49.30040748	61
49.32784232	64
49.35527716	70
49.382712	70
49.41014684	67
49.43758168	68
49.46501652	59
49.49245136	73
49.5198862	62
49.54732104	51
49.57475588	59
49.60219072	67
49.62962556	53
49.6570604	70
49.68449524	69
49.71193008	62
49.73936492	63
49.76679976	66
49.7942346	54
49.82166944	63
49.84910428	68
49.87653912	56
49.90397396	63
49.9314088	59
49.95884364	66
49.98627848	45
50.01371332	72
50.04114816	56
50.068583	67
50.09601784	62
50.12345268	48
50.15088752	64
50.17832236	64
50.2057572	39
50.23319204	49
50.26062688	37
50.28806172	48
50.31549656	54
50.3429314	48
50.37036624	56
50.39780108	50
50.42523592	54
50.45267076	64
50.4801056	42
50.50754044	49
50.53497528	48
50.56241012	54
50.58984496	47
50.6172798	49
50.64471464	56
50.67214948	43
50.69958432	51
50.72701916	62
50.754454	57
50.78188884	42
50.80932368	57
50.83675852	45
50.86419336	51
50.8916282	62
50.91906304	51
50.94649788	47
50.97393272	48
51.00136756	52
51.0288024	35
51.05623724	49
51.08367208	48
51.11110692	52
51.13854176	52
51.1659766	50
51.19341144	48
51.22084628	42
51.24828112	44
51.27571596	47
51.3031508	44
51.33058564	41
51.35802048	49
51.38545532	35
51.41289016	51
51.440325	43
51.46775984	54
51.49519468	45
51.52262952	56
51.55006436	44
51.5774992	36
51.60493404	62
51.63236888	35
51.65980372	36
51.68723856	40
51.7146734	43
51.74210824	46
51.76954308	43
51.79697792	42
51.82441276	42
51.8518476	45
51.87928244	46
51.90671728	35
51.93415212	39
51.96158696	42
51.9890218	39
52.01645664	48
52.04389148	44
52.07132632	44
52.09876116	38
52.126196	41
52.15363084	51
52.18106568	44
52.20850052	36
52.23593536	37
52.2633702	36
52.29080504	33
52.31823988	42
52.34567472	35
52.37310956	32
52.4005444	37
52.42797924	33
52.45541408	29
52.48284892	38
52.51028376	29
52.5377186	44
52.56515344	49
52.59258828	46
52.62002312	43
52.64745796	29
52.6748928	36
52.70232764	43
52.72976248	24
52.75719732	33
52.78463216	38
52.812067	38
52.83950184	27
52.86693668	33
52.89437152	41
52.92180636	35
52.9492412	32
52.97667604	33
53.00411088	37
53.03154572	29
53.05898056	39
53.0864154	43
53.11385024	31
53.14128508	37
53.16871992	45
53.19615476	48
53.2235896	29
53.25102444	33
53.27845928	30
53.30589412	28
53.33332896	24
53.3607638	29
53.38819864	33
53.41563348	27
53.44306832	37
53.47050316	47
53.497938	34
53.52537284	30
53.55280768	34
53.58024252	32
53.60767736	33
53.6351122	36
53.66254704	34
53.68998188	33
53.71741672	45
53.74485156	32
53.7722864	32
53.79972124	31
53.82715608	20
53.85459092	39
53.88202576	32
53.9094606	35
53.93689544	29
53.96433028	33
53.99176512	30
54.01919996	27
54.0466348	29
54.07406964	27
54.10150448	23
54.12893932	21
54.15637416	27
54.183809	23
54.21124384	34
54.23867868	38
54.26611352	32
54.29354836	25
54.3209832	19
54.34841804	30
54.37585288	26
54.40328772	24
54.43072256	29
54.4581574	30
54.48559224	33
54.51302708	29
54.54046192	21
54.567896759999996	22
54.5953316	32
54.62276644	21
54.65020128	29
54.67763612	24
54.70507096	25
54.7325058	19
54.75994064	24
54.78737548	25
54.81481032	27
54.84224516	33
54.86968	26
54.89711484	24
54.92454968	20
54.95198452	27
54.97941936	34
55.0068542	18
55.03428904	22
55.06172388	26
55.08915872	18
55.11659356	29
55.1440284	37
55.17146324	23
55.19889808	23
55.22633292	19
55.25376776	18
55.2812026	25
55.30863744	25
55.33607228	29
55.36350712	21
55.39094196	35
55.4183768	20
55.44581164	22
55.47324648	18
55.50068132	22
55.52811616	26
55.555551	25
55.58298584	29
55.61042068	24
55.63785552	15
55.66529036	25
55.6927252	23
55.72016004	17
55.74759488	22
55.77502972	23
55.80246456	24
55.8298994	26
55.85733424	23
55.88476908	21
55.91220392	30
55.93963876	17
55.9670736	25
55.99450844	19
56.02194328	16
56.04937812	18
56.07681296	28
56.1042478	20
56.13168264	20
56.15911748	18
56.18655232	23
56.21398716	20
56.241422	32
56.26885684	30
56.29629168	22
56.32372652	20
56.35116136	23
56.3785962	26
56.40603104	31
56.43346588	20
56.46090072	26
56.48833556	17
56.5157704	20
56.54320524	20
56.57064008	22
56.59807492	19
56.62550976	19
56.6529446	15
56.68037944	18
56.70781428	22
56.73524912	27
56.76268396	24
56.7901188	24
56.81755364	19
56.84498848	15
56.87242332	18
56.89985816	22
56.927293	25
56.95472784	25
56.98216268	25
57.00959752	27
57.03703236	28
57.0644672	20
57.09190204	20
57.11933688	18
57.14677172	17
57.17420656	24
57.2016414	24
57.22907624	20
57.25651108	25
57.28394592	21
57.31138076	18
57.3388156	23
57.36625044	21
57.39368528	13
57.42112012	17
57.44855496	18
57.4759898	25
57.50342464	12
57.53085948	17
57.55829432	17
57.58572916	21
57.613164	21
57.64059884	15
57.66803368	13
57.69546852	9
57.72290336	22
57.7503382	28
57.77777304	18
57.80520788	25
57.83264272	15
57.86007756	17
57.8875124	19
57.91494724	27
57.94238208	23
57.96981692	13
57.99725176	21
58.0246866	25
58.05212144	20
58.07955628	22
58.106991120000004	14
58.13442596	14
58.1618608	18
58.18929564	21
58.21673048	20
58.24416532	19
58.27160016	17
58.299035	20
58.32646984	20
58.35390468	20
58.38133952	21
58.40877436	15
58.4362092	17
58.46364404	22
58.49107888	17
58.51851372	27
58.54594856	18
58.5733834	20
58.60081824	19
58.62825308	26
58.65568792	22
58.68312276	8
58.7105576	15
58.73799244	22
58.76542728	21
58.79286212	19
58.82029696	11
58.8477318	20
58.87516664	20
58.90260148	16
58.93003632	18
58.95747116	16
58.984906	15
59.01234084	8
59.03977568	21
59.06721052	15
59.09464536	18
59.1220802	23
59.14951504	17
59.17694988	11
59.20438472	11
59.23181956	20
59.2592544	15
59.28668924	14
59.31412408	16
59.34155892	12
59.36899376	17
59.3964286	16
59.42386344	12
59.45129828	17
59.47873312	8
59.50616796	17
59.5336028	17
59.56103764	22
59.58847248	14
59.61590732	10
59.64334216	25
59.670777	15
59.69821184	13
59.72564668	23
59.75308152	19
59.78051636	16
59.8079512	13
59.83538604	17
59.86282088	11
59.89025572	9
59.91769056	12
59.9451254	19
59.97256024	23
59.99999508	24
60.02742992	14
60.05486476	19
60.0822996	10
60.10973444	11
60.13716928	15
60.16460412	23
60.19203896	12
60.2194738	21
60.24690864	14
60.27434348	19
60.30177832	19
60.32921316	17
60.356648	17
60.38408284	22
60.41151768	14
60.43895252	13
60.46638736	16
60.4938222	9
60.52125704	18
60.54869188	19
60.57612672	12
60.60356156	14
60.6309964	13
60.65843124	14
60.68586608	16
60.71330092	16
60.74073576	14
60.7681706	21
60.79560544	15
60.82304028	18
60.85047512	6
60.87790996	20
60.9053448	10
60.93277964	11
60.96021448	16
60.98764932	14
61.01508416	10
61.042519	11
61.06995384	9
61.09738868	13
61.12482352	15
61.15225836	16
61.1796932	20
61.20712804	14
61.23456288	18
61.26199772	15
61.28943256	10
61.3168674	15
61.34430224	12
61.37173708	13
61.39917192	12
61.42660676	14
61.4540416	12
61.48147644	13
61.50891128	14
61.53634612	13
61.56378096	14
61.5912158	15
61.61865064	11
61.646085480000004	16
61.67352032	19
61.70095516	17
61.72839	19
61.75582484	21
61.78325968	12
61.81069452	11
61.83812936	12
61.8655642	9
61.89299904	18
61.92043388	10
61.94786872	14
61.97530356	14
62.0027384	19
62.03017324	15
62.05760808	18
62.08504292	18
62.11247776	14
62.1399126	13
62.16734744	21
62.19478228	10
62.22221712	10
62.24965196	20
62.2770868	14
62.30452164	9
62.33195648	12
62.35939132	14
62.38682616	18
62.414261	17
62.44169584	16
62.46913068	12
62.49656552	18
62.52400036	18
62.5514352	12
62.57887004	21
62.60630488	11
62.63373972	11
62.66117456	15
62.6886094	9
62.71604424	14
62.74347908	14
62.77091392	8
62.79834876	14
62.8257836	18
62.85321844	17
62.88065328	14
62.90808812	14
62.93552296	17
62.9629578	12
62.99039264	14
63.01782748	19
63.04526232	16
63.07269716	18
63.100132	17
63.12756684	20
63.15500168	5
63.18243652	5
63.20987136	15
63.2373062	15
63.26474104	11
63.29217588	8
63.31961072	17
63.34704556	9
63.3744804	10
63.40191524	19
63.42935008	7
63.45678492	11
63.48421976	10
63.5116546	10
63.53908944	10
63.56652428	14
63.59395912	12
63.62139396	14
63.6488288	11
63.67626364	9
63.70369848	8
63.73113332	8
63.75856816	15
63.786003	7
63.81343784	10
63.84087268	12
63.86830752	6
63.89574236	10
63.9231772	13
63.95061204	15
63.97804688	11
64.00548172	11
64.03291656	17
64.0603514	10
64.08778624	15
64.11522108	10
64.14265592	15
64.17009076	12
64.1975256	16
64.22496044	10
64.25239528	12
64.27983012	14
64.30726496	19
64.3346998	18
64.36213464	15
64.38956948	14
64.41700432	14
64.44443916	8
64.471874	14
64.49930884	12
64.52674368	11
64.55417852	6
64.58161336	13
64.6090482	9
64.63648304	9
64.66391788	13
64.69135272	12
64.71878756	11
64.7462224	7
64.77365724	13
64.80109208	16
64.82852692	9
64.85596176	19
64.8833966	14
64.91083144	14
64.93826628	10
64.96570112	10
64.99313596	10
65.0205708	10
65.04800564	15
65.07544048	15
65.10287532	9
65.13031016	13
65.157745	10
65.18517984	14
65.21261468	13
65.24004952	10
65.26748436	4
65.2949192	11
65.32235404	11
65.34978888	13
65.37722372	14
65.40465856	5
65.4320934	10
65.45952824	14
65.48696308	9
65.51439792	17
65.54183276	16
65.5692676	8
65.59670244	10
65.62413728	10
65.65157212	8
65.67900696	15
65.7064418	6
65.73387664	16
65.76131148	13
65.78874632	11
65.81618116	12
65.843616	12
65.87105084	12
65.89848568	17
65.92592052	10
65.95335536	10
65.9807902	15
66.00822504	9
66.03565988	10
66.06309472	14
66.09052956	10
66.1179644	12
66.14539924	14
66.17283408	6
66.20026892	6
66.22770376	9
66.2551386	14
66.28257344	15
66.31000828	15
66.33744312	13
66.36487796	9
66.3923128	13
66.41974764	14
66.44718248	4
66.47461732	8
66.50205216	6
66.529487	12
66.55692184	6
66.58435668	15
66.61179152	14
66.63922636	5
66.6666612	10
66.69409604	13
66.72153088	5
66.74896572	13
66.77640056	15
66.8038354	5
66.83127024	11
66.858705079999993	11
66.88613992	17
66.91357476	8
66.9410096	12
66.96844444	10
66.99587928	6
67.02331412	11
67.05074896	8
67.0781838	14
67.10561864	11
67.13305348	13
67.16048832	11
67.18792316	18
67.215358	11
67.24279284	9
67.27022768	19
67.29766252	10
67.32509736	15
67.3525322	8
67.37996704	9
67.40740188	12
67.43483672	14
67.46227156	14
67.4897064	12
67.51714124	11
67.54457608	10
67.57201092	10
67.59944576	14
67.6268806	5
67.65431544	11
67.68175028	7
67.70918512	13
67.73661996	8
67.7640548	11
67.79148964	12
67.81892448	6
67.84635932	11
67.87379416	15
67.901229	11
67.92866384	11
67.95609868	11
67.98353352	13
68.01096836	9
68.0384032	14
68.06583804	9
68.09327288	6
68.12070772	9
68.14814256	14
68.1755774	10
68.20301224	9
68.23044708	10
68.25788192	8
68.28531676	10
68.3127516	11
68.34018644	8
68.36762128	14
68.39505612	16
68.42249096	14
68.4499258	15
68.47736064	14
68.50479548	6
68.53223032	9
68.55966516	10
68.5871	13
68.61453484	12
68.64196968	8
68.66940452	5
68.69683936	8
68.7242742	11
68.75170904	13
68.77914388	6
68.80657872	15
68.83401356	8
68.8614484	11
68.88888324	8
68.91631808	11
68.94375292	12
68.97118776	9
68.9986226	12
69.02605744	6
69.05349228	10
69.08092712	13
69.10836196	9
69.1357968	8
69.16323164	13
69.19066648	6
69.21810132	11
69.24553616	12
69.272971	12
69.30040584	4
69.32784068	8
69.35527552	9
69.38271036	8
69.4101452	9
69.43758004	10
69.46501488	10
69.49244972	8
69.51988456	10
69.5473194	7
69.57475424	18
69.60218908	13
69.62962392	10
69.65705876	10
69.6844936	10
69.71192844	6
69.73936328	11
69.76679812	16
69.79423296	10
69.8216678	12
69.84910264	5
69.87653748	5
69.90397232	18
69.93140716	7
69.958842	7
69.98627684	9
70.01371168	15
70.04114652	11
70.06858136	9
70.0960162	13
70.12345104	11
70.15088588	10
70.17832072	9
70.20575556	10
70.2331904	9
70.26062524	13
70.28806008	11
70.31549492	9
70.34292976	2
70.3703646	6
70.39779944	10
70.42523428	3
70.45266912	2
70.48010396	10
70.5075388	10
70.53497364	19
70.56240848	12
70.58984332	11
70.61727816	8
70.644713	11
70.67214784	9
70.69958268	18
70.72701752	6
70.75445236	6
70.7818872	7
70.80932204	12
70.83675688	8
70.86419172	14
70.89162656	13
70.9190614	9
70.94649624	7
70.97393108	7
71.00136592	8
71.02880076	8
71.0562356	9
71.08367044	10
71.11110528	3
71.13854012	7
71.16597496	8
71.1934098	10
71.22084464	14
71.24827948	10
71.27571432	14
71.30314916	11
71.330584	8
71.35801884	12
71.38545368	10
71.41288852	7
71.44032336	12
71.4677582	7
71.49519304	9
71.52262788	8
71.55006272	5
71.57749756	3
71.6049324	11
71.63236724	7
71.65980208	12
71.68723692	12
71.71467176	5
71.7421066	16
71.76954144	5
71.79697628	8
71.82441112	9
71.85184596	6
71.8792808	13
71.90671564	6
71.93415048	6
71.96158532	9
71.98902016	11
72.016455	10
72.04388984	13
72.07132468	10
72.09875952	9
72.12619436	10
72.1536292	13
72.18106404	5
72.20849888	6
72.23593372	11
72.26336856	3
72.2908034	9
72.31823824	14
72.34567308	8
72.37310792	13
72.40054276	11
72.4279776	6
72.45541244	7
72.48284728	7
72.51028212	6
72.53771696	2
72.5651518	8
72.59258664	7
72.62002148	11
72.64745632	7
72.67489116	12
72.702326	9
72.72976084	6
72.75719568	11
72.78463052	11
72.81206536	8
72.8395002	3
72.86693504	9
72.89436988	9
72.92180472	11
72.94923956	8
72.9766744	16
73.00410924	8
73.03154408	9
73.05897892	13
73.08641376	11
73.1138486	11
73.14128344	12
73.16871828	13
73.19615312	8
73.22358796	11
73.2510228	4
73.27845764	8
73.30589248	11
73.33332732	8
73.36076216	10
73.388197	7
73.41563184	9
73.44306668	11
73.47050152	11
73.49793636	10
73.5253712	8
73.55280604	9
73.58024088	5
73.60767572	6
73.63511056	11
73.6625454	8
73.68998024	13
73.71741508	8
73.74484992	8
73.77228476	10
73.7997196	10
73.82715444	10
73.85458928	14
73.88202412	5
73.90945896	9
73.936893800000007	10
73.96432864	9
73.99176348	11
74.01919832	6
74.04663316	10
74.074068	13
74.10150284	11
74.12893768	12
74.15637252	9
74.18380736	12
74.2112422	9
74.23867704	10
74.26611188	7
74.29354672	7
74.32098156	10
74.3484164	11
74.37585124	3
74.40328608	7
74.43072092	10
74.45815576	9
74.4855906	3
74.51302544	10
74.54046028	14
74.56789512	11
74.59532996	12
74.6227648	9
74.65019964	13
74.67763448	9
74.70506932	10
74.73250416	11
74.759939	12
74.78737384	9
74.81480868	11
74.84224352	18
74.86967836	12
74.8971132	6
74.92454804	13
74.95198288	10
74.97941772	10
75.00685256	8
75.0342874	5
75.06172224	16
75.08915708	8
75.11659192	14
75.14402676	13
75.1714616	8
75.19889644	8
75.22633128	19
75.25376612	9
75.28120096	4
75.3086358	5
75.33607064	6
75.36350548	5
75.39094032	13
75.41837516	11
75.44581	9
75.47324484	4
75.50067968	7
75.52811452	11
75.55554936	5
75.5829842	4
75.61041904	8
75.63785388	9
75.66528872	5
75.69272356	5
75.7201584	10
75.74759324	4
75.77502808	4
75.80246292	5
75.82989776	9
75.8573326	8
75.88476744	7
75.91220228	10
75.93963712	14
75.96707196	5
75.9945068	3
76.02194164	8
76.04937648	8
76.07681132	10
76.10424616	5
76.131681	13
76.15911584	9
76.18655068	6
76.21398552	14
76.24142036	8
76.2688552	12
76.29629004	8
76.32372488	8
76.35115972	7
76.37859456	10
76.4060294	5
76.43346424	7
76.46089908	8
76.48833392	7
76.51576876	9
76.5432036	6
76.57063844	9
76.59807328	6
76.62550812	9
76.65294296	9
76.6803778	9
76.70781264	10
76.73524748	10
76.76268232	6
76.79011716	8
76.817552	7
76.84498684	8
76.87242168	9
76.89985652	10
76.92729136	10
76.9547262	4
76.98216104	8
77.00959588	6
77.03703072	9
77.06446556	6
77.0919004	6
77.11933524	12
77.14677008	11
77.17420492	11
77.20163976	7
77.2290746	2
77.25650944	4
77.28394428	14
77.31137912	8
77.33881396	10
77.3662488	15
77.39368364	5
77.42111848	6
77.44855332	8
77.47598816	7
77.503423	11
77.53085784	15
77.55829268	6
77.58572752	5
77.61316236	13
77.6405972	8
77.66803204	12
77.69546688	9
77.72290172	6
77.75033656	5
77.7777714	5
77.80520624	7
77.83264108	4
77.86007592	9
77.88751076	8
77.9149456	8
77.94238044	6
77.96981528	8
77.99725012	8
78.02468496	13
78.0521198	8
78.07955464	10
78.10698948	18
78.13442432	5
78.16185916	8
78.189294	7
78.21672884	8
78.24416368	15
78.27159852	11
78.29903336	7
78.3264682	3
78.35390304	9
78.38133788	9
78.40877272	13
78.43620756	7
78.4636424	6
78.49107724	8
78.51851208	8
78.54594692	5
78.57338176	8
78.6008166	6
78.62825144	4
78.65568628	6
78.68312112	12
78.71055596	8
78.7379908	5
78.76542564	6
78.79286048	7
78.82029532	12
78.84773016	7
78.875165	7
78.90259984	10
78.93003468	11
78.95746952	6
78.98490436	7
79.0123392	7
79.03977404	18
79.06720888	7
79.09464372	10
79.12207856	8
79.1495134	9
79.17694824	10
79.20438308	6
79.23181792	13
79.25925276	9
79.2866876	7
79.31412244	4
79.34155728	7
79.36899212	11
79.39642696	6
79.4238618	8
79.45129664	11
79.47873148	5
79.50616632	4
79.53360116	7
79.561036	2
79.58847084	8
79.61590568	7
79.64334052	10
79.67077536	12
79.6982102	7
79.72564504	6
79.75307988	14
79.78051472	12
79.80794956	5
79.8353844	12
79.86281924	9
79.89025408	9
79.91768892	6
79.94512376	7
79.9725586	6
79.99999344	13
80.02742828	5
80.05486312	13
80.08229796	9
80.1097328	7
80.13716764	6
80.16460248	3
80.19203732	9
80.21947216	5
80.246907	15
80.27434184	5
80.30177668	7
80.32921152	12
80.35664636	4
80.3840812	7
80.41151604	10
80.43895088	7
80.46638572	11
80.49382056	11
80.5212554	10
80.54869024	3
80.57612508	2
80.60355992	6
80.63099476	5
80.6584296	6
80.68586444	8
80.71329928	9
80.74073412	7
80.76816896	7
80.7956038	9
80.82303864	4
80.85047348	7
80.87790832	8
80.90534316	11
80.932778	7
80.96021284	5
80.98764768	8
81.015082520000007	7
81.04251736	10
81.0699522	6
81.09738704	8
81.12482188	9
81.15225672	3
81.17969156	2
81.2071264	10
81.23456124	8
81.26199608	6
81.28943092	4
81.31686576	14
81.3443006	7
81.37173544	10
81.39917028	6
81.42660512	7
81.45403996	7
81.4814748	6
81.50890964	6
81.53634448	6
81.56377932	4
81.59121416	11
81.618649	8
81.64608384	10
81.67351868	7
81.70095352	16
81.72838836	8
81.7558232	11
81.78325804	6
81.81069288	6
81.83812772	8
81.86556256	10
81.8929974	7
81.92043224	7
81.94786708	8
81.97530192	4
82.00273676	12
82.0301716	13
82.05760644	5
82.08504128	4
82.11247612	4
82.13991096	6
82.1673458	11
82.19478064	7
82.22221548	10
82.24965032	6
82.27708516	14
82.30452	4
82.33195484	5
82.35938968	5
82.38682452	8
82.41425936	7
82.4416942	12
82.46912904	9
82.49656388	7
82.52399872	4
82.55143356	8
82.5788684	2
82.60630324	7
82.63373808	5
82.66117292	9
82.68860776	5
82.7160426	7
82.74347744	12
82.77091228	10
82.79834712	7
82.82578196	5
82.8532168	5
82.88065164	7
82.90808648	5
82.93552132	10
82.96295616	10
82.990391	11
83.01782584	7
83.04526068	7
83.07269552	6
83.10013036	7
83.1275652	7
83.15500004	5
83.18243488	10
83.20986972	8
83.23730456	10
83.2647394	13
83.29217424	5
83.31960908	6
83.34704392	6
83.37447876	5
83.4019136	13
83.42934844	13
83.45678328	8
83.48421812	4
83.51165296	6
83.5390878	8
83.56652264	5
83.59395748	13
83.62139232	4
83.64882716	6
83.676262	12
83.70369684	8
83.73113168	5
83.75856652	9
83.78600136	9
83.8134362	6
83.84087104	7
83.86830588	8
83.89574072	4
83.92317556	8
83.9506104	8
83.97804524	7
84.00548008	3
84.03291492	11
84.06034976	14
84.0877846	5
84.11521944	9
84.14265428	2
84.17008912	8
84.19752396	7
84.2249588	7
84.25239364	15
84.27982848	13
84.30726332	7
84.33469816	3
84.362133	17
84.38956784	9
84.41700268	8
84.44443752	7
84.47187236	5
84.4993072	10
84.52674204	6
84.55417688	7
84.58161172	6
84.60904656	12
84.6364814	8
84.66391624	9
84.69135108	9
84.71878592	13
84.74622076	10
84.7736556	8
84.80109044	7
84.82852528	6
84.85596012	6
84.88339496	9
84.9108298	12
84.93826464	10
84.96569948	8
84.99313432	7
85.02056916	5
85.048004	9
85.07543884	7
85.10287368	8
85.13030852	5
85.15774336	6
85.1851782	5
85.21261304	6
85.24004788	11
85.26748272	9
85.29491756	11
85.3223524	10
85.34978724	13
85.37722208	7
85.40465692	9
85.43209176	6
85.4595266	6
85.48696144	10
85.51439628	9
85.54183112	12
85.56926596	7
85.5967008	13
85.62413564	8
85.65157048	9
85.67900532	5
85.70644016	9
85.733875	8
85.76130984	7
85.78874468	3
85.81617952	9
85.84361436	9
85.8710492	7
85.89848404	8
85.92591888	10
85.95335372	8
85.98078856	6
86.0082234	8
86.03565824	6
86.06309308	8
86.09052792	11
86.11796276	9
86.1453976	7
86.17283244	10
86.20026728	7
86.22770212	7
86.25513696	16
86.2825718	7
86.31000664	11
86.33744148	3
86.36487632	14
86.39231116	7
86.419746	5
86.44718084	13
86.47461568	5
86.50205052	6
86.52948536	8
86.5569202	5
86.58435504	7
86.61178988	7
86.63922472	8
86.66665956	11
86.6940944	8
86.72152924	5
86.74896408	5
86.77639892	9
86.80383376	9
86.8312686	12
86.85870344	12
86.88613828	16
86.91357312	9
86.94100796	10
86.9684428	5
86.99587764	2
87.02331248	6
87.05074732	9
87.07818216	10
87.105617	9
87.13305184	5
87.16048668	7
87.18792152	4
87.21535636	6
87.2427912	9
87.27022604	8
87.29766088	5
87.32509572	4
87.35253056	8
87.3799654	8
87.40740024	8
87.43483508	5
87.46226992	10
87.48970476	7
87.5171396	10
87.54457444	7
87.57200928	2
87.59944412	7
87.62687896	7
87.6543138	8
87.68174864	5
87.70918348	8
87.73661832	4
87.76405316	10
87.791488	8
87.81892284	3
87.84635768	5
87.87379252	8
87.90122736	10
87.9286622	7
87.95609704	6
87.98353188	10
88.01096672	3
88.03840156	8
88.0658364	8
88.093271240000007	12
88.12070608	12
88.14814092	9
88.17557576	10
88.2030106	7
88.23044544	5
88.25788028	3
88.28531512	7
88.31274996	11
88.3401848	5
88.36761964	3
88.39505448	7
88.42248932	8
88.44992416	2
88.477359	9
88.50479384	11
88.53222868	6
88.55966352	3
88.58709836	5
88.6145332	7
88.64196804	2
88.66940288	8
88.69683772	8
88.72427256	7
88.7517074	13
88.77914224	13
88.80657708	5
88.83401192	11
88.86144676	6
88.8888816	10
88.91631644	8
88.94375128	11
88.97118612	4
88.99862096	6
89.0260558	6
89.05349064	6
89.08092548	7
89.10836032	10
89.13579516	7
89.16323	6
89.19066484	5
89.21809968	8
89.24553452	4
89.27296936	7
89.3004042	2
89.32783904	5
89.35527388	9
89.38270872	14
89.41014356	7
89.4375784	3
89.46501324	6
89.49244808	11
89.51988292	9
89.54731776	2
89.5747526	5
89.60218744	10
89.62962228	12
89.65705712	5
89.68449196	2
89.7119268	8
89.73936164	2
89.76679648	7
89.79423132	8
89.82166616	7
89.849101	6
89.87653584	7
89.90397068	7
89.93140552	4
89.95884036	6
89.9862752	5
90.01371004	7
90.04114488	6
90.06857972	13
90.09601456	7
90.1234494	6
90.15088424	5
90.17831908	3
90.20575392	7
90.23318876	8
90.2606236	5
90.28805844	7
90.31549328	12
90.34292812	7
90.37036296	7
90.3977978	8
90.42523264	6
90.45266748	3
90.48010232	10
90.50753716	10
90.534972	7
90.56240684	3
90.58984168	6
90.61727652	7
90.64471136	7
90.6721462	7
90.69958104	5
90.72701588	5
90.75445072	6
90.78188556	6
90.8093204	9
90.83675524	9
90.86419008	7
90.89162492	10
90.91905976	12
90.9464946	7
90.97392944	3
91.00136428	11
91.02879912	4
91.05623396	7
91.0836688	8
91.11110364	7
91.13853848	7
91.16597332	7
91.19340816	4
91.220843	9
91.24827784	6
91.27571268	5
91.30314752	5
91.33058236	7
91.3580172	7
91.38545204	11
91.41288688	10
91.44032172	3
91.46775656	5
91.4951914	2
91.52262624	4
91.55006108	5
91.57749592	10
91.60493076	11
91.6323656	5
91.65980044	6
91.68723528	6
91.71467012	9
91.74210496	9
91.7695398	7
91.79697464	7
91.82440948	11
91.85184432	8
91.87927916	6
91.906714	6
91.93414884	8
91.96158368	12
91.98901852	7
92.01645336	4
92.0438882	7
92.07132304	9
92.09875788	8
92.12619272	6
92.15362756	11
92.1810624	4
92.20849724	4
92.23593208	5
92.26336692	1
92.29080176	4
92.3182366	8
92.34567144	8
92.37310628	6
92.40054112	10
92.42797596	8
92.4554108	11
92.48284564	10
92.51028048	7
92.53771532	3
92.56515016	3
92.592585	0
92.62001984	6
92.64745468	8
92.67488952	5
92.70232436	8
92.7297592	9
92.75719404	10
92.78462888	9
92.81206372	5
92.83949856	7
92.8669334	4
92.89436824	4
92.92180308	4
92.94923792	9
92.97667276	9
93.0041076	11
93.03154244	10
93.05897728	9
93.08641212	2
93.11384696	11
93.1412818	6
93.16871664	6
93.19615148	9
93.22358632	8
93.25102116	13
93.278456	8
93.30589084	2
93.33332568	7
93.36076052	2
93.38819536	5
93.4156302	8
93.44306504	4
93.47049988	9
93.49793472	10
93.52536956	11
93.5528044	11
93.58023924	4
93.60767408	8
93.63510892	5
93.66254376	5
93.6899786	8
93.71741344	7
93.74484828	13
93.77228312	4
93.79971796	8
93.8271528	8
93.85458764	12
93.88202248	6
93.90945732	3
93.93689216	3
93.964327	6
93.99176184	7
94.01919668	7
94.04663152	10
94.07406636	16
94.1015012	5
94.12893604	6
94.15637088	7
94.18380572	4
94.21124056	8
94.2386754	7
94.26611024	7
94.29354508	9
94.32097992	5
94.34841476	4
94.3758496	3
94.40328444	9
94.43071928	6
94.45815412	6
94.48558896	3
94.5130238	7
94.54045864	9
94.56789348	6
94.59532832	4
94.62276316	4
94.650198	7
94.67763284	1
94.70506768	5
94.73250252	7
94.75993736	5
94.7873722	10
94.81480704	9
94.84224188	7
94.86967672	9
94.89711156	7
94.9245464	10
94.95198124	9
94.97941608	7
95.00685092	10
95.03428576	3
95.0617206	4
95.08915544	8
95.11659028	2
95.14402512	6
95.171459960000007	6
95.1988948	7
95.22632964	7
95.25376448	7
95.28119932	7
95.30863416	7
95.336069	4
95.36350384	8
95.39093868	2
95.41837352	11
95.44580836	7
95.4732432	4
95.50067804	3
95.52811288	11
95.55554772	7
95.58298256	9
95.6104174	6
95.63785224	6
95.66528708	8
95.69272192	12
95.72015676	5
95.7475916	6
95.77502644	7
95.80246128	8
95.82989612	3
95.85733096	1
95.8847658	5
95.91220064	6
95.93963548	8
95.96707032	6
95.99450516	6
96.02194	8
96.04937484	3
96.07680968	2
96.10424452	5
96.13167936	12
96.1591142	10
96.18654904	7
96.21398388	5
96.24141872	10
96.26885356	7
96.2962884	10
96.32372324	6
96.35115808	4
96.37859292	7
96.40602776	7
96.4334626	6
96.46089744	7
96.48833228	6
96.51576712	5
96.54320196	4
96.5706368	10
96.59807164	3
96.62550648	4
96.65294132	6
96.68037616	8
96.707811	3
96.73524584	6
96.76268068	8
96.79011552	3
96.81755036	8
96.8449852	3
96.87242004	12
96.89985488	7
96.92728972	3
96.95472456	8
96.9821594	6
97.00959424	2
97.03702908	8
97.06446392	9
97.09189876	4
97.1193336	5
97.14676844	8
97.17420328	8
97.20163812	3
97.22907296	7
97.2565078	7
97.28394264	7
97.31137748	6
97.33881232	5
97.36624716	7
97.393682	6
97.42111684	4
97.44855168	3
97.47598652	6
97.50342136	4
97.5308562	5
97.55829104	6
97.58572588	7
97.61316072	5
97.64059556	5
97.6680304	2
97.69546524	9
97.72290008	6
97.75033492	5
97.77776976	5
97.8052046	8
97.83263944	5
97.86007428	4
97.88750912	6
97.91494396	6
97.9423788	4
97.96981364	3
97.99724848	4
98.02468332	8
98.05211816	2
98.079553	8
98.10698784	4
98.13442268	8
98.16185752	10
98.18929236	3
98.2167272	4
98.24416204	1
98.27159688	2
98.29903172	3
98.32646656	6
98.3539014	7
98.38133624	10
98.40877108	7
98.43620592	5
98.46364076	3
98.4910756	7
98.51851044	5
98.54594528	5
98.57338012	3
98.60081496	5
98.6282498	4
98.65568464	7
98.68311948	5
98.71055432	8
98.73798916	2
98.765424	4
98.79285884	8
98.82029368	2
98.84772852	7
98.87516336	8
98.9025982	5
98.93003304	3
98.95746788	3
98.98490272	3
99.01233756	4
99.0397724	3
99.06720724	2
99.09464208	4
99.12207692	3
99.14951176	6
99.1769466	7
99.20438144	4
99.23181628	4
99.25925112	5
99.28668596	4
99.3141208	8
99.34155564	5
99.36899048	7
99.39642532	1
99.42386016	3
99.451295	4
99.47872984	8
99.50616468	2
99.53359952	0
99.56103436	5
99.5884692	8
99.61590404	3
99.64333888	6
99.67077372	4
99.69820856	3
99.7256434	7
99.75307824	3
99.78051308	6
99.80794792	3
99.83538276	5
99.8628176	2
99.89025244	3
99.91768728	2
99.94512212	11
99.97255696	5
99.9999918	5
100.02742664	6
100.05486148	6
100.08229632	3
100.10973116	11
100.137166	2
100.16460084	2
100.19203568	3
100.21947052	6
100.24690536	3
100.2743402	5
100.30177504	6
100.32920988	4
100.35664472	6
100.38407956	2
100.4115144	10
100.43894924	4
100.46638408	4
100.49381892	4
100.52125376	5
100.5486886	9
100.57612344	8
100.60355828	8
100.63099312	6
100.65842796	9
100.6858628	5
100.71329764	6
100.74073248	8
100.76816732	7
100.79560216	7
100.823037	6
100.85047184	5
100.87790668	9
100.90534152	7
100.93277636	3
100.9602112	6
100.98764604	5
101.01508088	4
101.04251572	6
101.06995056	5
101.0973854	4
101.12482024	3
101.15225508	5
101.17968992	8
101.20712476	4
101.2345596	11
101.26199444	2
101.28942928	5
101.31686412	0
101.34429896	3
101.3717338	2
101.39916864	9
101.42660348	2
101.45403832	7
101.48147316	9
101.508908	0
101.53634284	3
101.56377768	6
101.59121252	5
101.61864736	3
101.6460822	3
101.67351704	3
101.70095188	8
101.72838672	1
101.75582156	5
101.7832564	4
101.81069124	6
101.83812608	4
101.86556092	6
101.89299576	5
101.9204306	4
101.94786544	4
101.97530028	5
102.00273512	4
102.03016996	7
102.0576048	6
102.08503964	2
102.11247448	7
102.13990932	7
102.16734416	2
102.194779	7
102.22221384	3
102.24964868	8
102.27708352	6
102.30451836	8
102.3319532	1
102.35938804	2
102.38682288	2
102.41425772	6
102.44169256	9
102.4691274	9
102.49656224	2
102.52399708	4
102.55143192	4
102.57886676	5
102.6063016	7
102.63373644	4
102.66117128	7
102.68860612	4
102.71604096	2
102.7434758	7
102.77091064	5
102.79834548	5
102.82578032	5
102.85321516	4
102.88065	7
102.90808484	5
102.93551968	3
102.96295452	6
102.99038936	7
103.0178242	6
103.04525904	2
103.07269388	4
103.10012872	2
103.12756356	5
103.1549984	2
103.18243324	3
103.20986808	3
103.23730292	6
103.26473776	3
103.2921726	8
103.31960744	2
103.34704228	3
103.37447712	4
103.40191196	7
103.4293468	5
103.45678164	8
103.48421648	4
103.51165132	4
103.53908616	6
103.566521	3
103.59395584	1
103.62139068	7
103.64882552	2
103.67626036	5
103.7036952	10
103.73113004	4
103.75856488	1
103.78599972	7
103.81343456	5
103.8408694	4
103.86830424	3
103.89573908	5
103.92317392	3
103.95060876	1
103.9780436	6
104.00547844	0
104.03291328	5
104.06034812	3
104.08778296	6
104.1152178	7
104.14265264	3
104.17008748	6
104.19752232	6
104.22495716	7
104.252392	4
104.27982684	5
104.30726168	1
104.33469652	3
104.36213136	2
104.3895662	7
104.41700104	1
104.44443588	5
104.47187072	4
104.49930556	3
104.5267404	5
104.55417524	9
104.58161008	1
104.60904492	2
104.63647976	3
104.6639146	3
104.69134944	2
104.71878428	5
104.74621912	3
104.77365396	6
104.8010888	5
104.82852364	6
104.85595848	3
104.88339332	8
104.91082816	2
104.938263	4
104.96569784	3
104.99313268	6
105.02056752	5
105.04800236	2
105.0754372	3
105.10287204	1
105.13030688	5
105.15774172	8
105.18517656	1
105.2126114	1
105.24004624	2
105.26748108	4
105.29491592	1
105.32235076	6
105.3497856	4
105.37722044	10
105.40465528	8
105.43209012	1
105.45952496	5
105.4869598	4
105.51439464	7
105.54182948	2
105.56926432	4
105.59669916	5
105.624134	5
105.65156884	5
105.67900368	5
105.70643852	2
105.73387336	3
105.7613082	3
105.78874304	3
105.81617788	7
105.84361272	1
105.87104756	6
105.8984824	9
105.92591724	1
105.95335208	4
105.98078692	3
106.00822176	2
106.0356566	2
106.06309144	3
106.09052628	8
106.11796112	3
106.14539596	4
106.1728308	3
106.20026564	1
106.22770048	1
106.25513532	1
106.28257016	3
106.310005	5
106.33743984	4
106.36487468	0
106.39230952	2
106.41974436	1
106.4471792	2
106.47461404	2
106.50204888	2
106.52948372	0
106.55691856	4
106.5843534	4
106.61178824	4
106.63922308	10
106.66665792	3
106.69409276	2
106.7215276	4
106.74896244	2
106.77639728	2
106.80383212	4
106.83126696	4
106.8587018	8
106.88613664	0
106.91357148	0
106.94100632	0
106.96844116	0
106.995876	0
107.02331084	0
107.05074568	0
107.07818052	0
107.10561536	0
107.1330502	0
107.16048504	0
107.18791988	0
107.21535472	0
107.24278956	0
107.2702244	0
107.29765924	0
107.32509408	0
107.35252892	0
107.37996376	0
107.4073986	0
107.43483344	0
107.46226828	0
107.48970312	0
107.51713796	0
107.5445728	0
107.57200764	0
107.59944248	0
107.62687732	0
107.65431216	0
107.681747	0
107.70918184	0
107.73661668	0
107.76405152	0
107.79148636	0
107.8189212	0
107.84635604	0
107.87379088	0
107.90122572	0
107.92866056	0
107.9560954	0
107.98353024	0
108.01096508	0
108.03839992	0
108.06583476	0
108.0932696	0
108.12070444	0
108.14813928	0
108.17557412	0
108.20300896	0
108.2304438	0
108.25787864	0
108.28531348	0
108.31274832	0
108.34018316	0
108.367618	0
108.39505284	0
108.42248768	0
108.44992252	0
108.47735736	0
108.5047922	0
108.53222704	0
108.55966188	0
108.58709672	0
108.61453156	0
108.6419664	0
108.66940124	0
108.69683608	0
108.72427092	0
108.75170576	0
108.7791406	0
108.80657544	0
108.83401028	0
108.86144512	0
108.88887996	0
108.9163148	0
108.94374964	0
108.97118448	0
108.99861932	0
109.02605416	0
109.053489	0
109.08092384	0
109.10835868	0
109.13579351999999	0
109.16322836	0
109.1906632	0
109.21809804	0
109.24553288	0
109.27296772	0
109.30040256	0
109.3278374	0
109.35527224	0
109.38270708	0
109.41014192	0
109.43757676	0
109.4650116	0
109.49244644	0
109.51988128	0
109.54731612	0
109.57475096	0
109.6021858	0
109.62962064	0
109.65705548	0
109.68449032	0
109.71192516	0
109.73936	0
109.76679484	0
109.79422968	0
109.82166452	0
109.84909936	0
109.8765342	0
109.90396904	0
109.93140388	0
109.95883872	0
109.98627356	0
110.0137084	0
110.04114324	0
110.06857808	0
110.09601292	0
110.12344776	0
110.1508826	0
110.17831744	0
110.20575228	0
110.23318712	0
110.26062196	0
110.2880568	0
110.31549164	0
110.34292648	0
110.37036132	0
110.39779616	0
110.425231	0
110.45266584	0
110.48010068	0
110.50753552	0
110.53497036	0
110.5624052	0
110.58984004	0
110.61727488	0
110.64470972	0
110.67214456	0
110.6995794	0
110.72701424	0
110.75444908	0
110.78188392	0
110.80931876	0
110.8367536	0
110.86418844	0
110.89162328	0
110.91905812	0
110.94649296	0
110.9739278	0
111.00136264	0
111.02879748	0
111.05623232	0
111.08366716	0
111.111102	0
111.13853684	0
111.16597168	0
111.19340652	0
111.22084136	0
111.2482762	0
111.27571104	0
111.30314588	0
111.33058072	0
111.35801556	0
111.3854504	0
111.41288524	0
111.44032008	0
111.46775492	0
111.49518976	0
111.5226246	0
111.55005944	0
111.57749428	0
111.60492912	0
111.63236396	0
111.6597988	0
111.68723364	0
111.71466848	0
111.74210332	0
111.76953816	0
111.796973	0
111.82440784	0
111.85184268	0
111.87927752	0
111.90671236	0
111.9341472	0
111.96158204	0
111.98901688	0
112.01645172	0
112.04388656	0
112.0713214	0
112.09875624	0
112.12619108	0
112.15362592	0
112.18106076	0
112.2084956	0
112.23593044	0
112.26336528	0
112.29080012	0
112.31823496	0
112.3456698	0
112.37310464	0
