time	intensity
0.02743484	0.0
0.05486968	0.0
0.08230452	0.0
0.10973936	0.0
0.1371742	0.0
0.16460904	0.0
0.19204388	0.0
0.21947872	0.0
0.24691356	0.0
0.2743484	0.0
0.30178324	0.0
0.32921808	0.0
0.35665292	0.0
0.38408776	0.0
0.4115226	0.0
0.43895744	0.0
0.46639228	0.0
0.49382712	0.0
0.52126196	0.0
0.5486968	0.0
0.57613164	0.0
0.60356648	0.0
0.63100132	0.0
0.65843616	0.0
0.685871	0.0
0.71330584	0.0
0.74074068	0.0
0.76817552	0.0
0.79561036	0.0
0.8230452	0.0
0.85048004	0.0
0.87791488	0.0
0.90534972	0.0
0.93278456	0.0
0.9602194	0.0
0.98765424	0.0
1.01508908	0.0
1.04252392	0.0
1.06995876	0.0
1.0973936	0.0
1.12482844	0.0
1.15226328	0.0
1.17969812	0.0
1.20713296	0.0
1.2345678	0.0
1.26200264	0.0
1.28943748	0.0
1.31687232	0.0
1.34430716	0.0
1.371742	0.0
1.39917684	0.0
1.42661168	0.0
1.45404652	0.0
1.48148136	0.0
1.5089162	0.0
1.53635104	0.0
1.56378588	0.0
1.59122072	0.0
1.61865556	0.0
1.6460904	0.0
1.67352524	0.0
1.70096008	0.0
1.72839492	0.0
1.75582976	0.0
1.7832646	0.0
1.81069944	0.0
1.83813428	0.0
1.86556912	0.0
1.89300396	0.0
1.9204388	0.0
1.94787364	0.0
1.97530848	0.0
2.00274332	0.0
2.03017816	0.0
2.057613	0.0
2.08504784	0.0
2.11248268	0.0
2.13991752	0.0
2.16735236	0.0
2.1947872	0.0
2.22222204	0.0
2.24965688	0.0
2.27709172	0.0
2.30452656	0.0
2.3319614	0.0
2.35939624	0.0
2.38683108	0.0
2.41426592	0.0
2.44170076	0.0
2.4691356	0.0
2.49657044	0.0
2.52400528	0.0
2.55144012	0.0
2.57887496	0.0
2.6063098	0.0
2.63374464	0.0
2.66117948	0.0
2.68861432	0.0
2.71604916	0.0
2.743484	0.0
2.77091884	0.0
2.79835368	0.0
2.82578852	0.0
2.85322336	0.0
2.8806582	0.0
2.90809304	0.0
2.93552788	0.0
2.96296272	0.0
2.99039756	0.0
3.0178324	0.0
3.04526724	0.0
3.07270208	0.0
3.10013692	0.0
3.12757176	0.0
3.1550066	0.0
3.18244144	0.0
3.20987628	0.0
3.23731112	0.0
3.26474596	0.0
3.2921808	0.0
3.31961564	0.0
3.34705048	0.0
3.37448532	0.0
3.40192016	0.0
3.429355	0.0
3.45678984	0.0
3.48422468	0.0
3.51165952	0.0
3.53909436	0.0
3.5665292	0.0
3.59396404	0.0
3.62139888	0.0
3.64883372	0.0
3.67626856	0.0
3.7037034	0.0
3.73113824	0.0
3.75857308	0.0
3.78600792	0.0
3.81344276	0.0
3.8408776	0.0
3.86831244	0.0
3.89574728	0.0
3.92318212	0.0
3.95061696	0.0
3.9780518	0.0
4.00548664	0.0
4.03292148	0.0
4.06035632	0.0
4.08779116	0.0
4.115226	0.0
4.14266084	0.0
4.17009568	0.0
4.19753052	0.0
4.22496536	0.0
4.2524002	0.0
4.27983504	0.0
4.30726988	0.0
4.33470472	0.0
4.36213956	0.0
4.3895744	0.0
4.41700924	0.0
4.44444408	0.0
4.47187892	0.0
4.49931376	0.0
4.5267486	0.0
4.55418344	0.0
4.58161828	0.0
4.60905312	0.0
4.63648796	0.0
4.6639228	0.0
4.69135764	0.0
4.71879248	0.0
4.74622732	0.0
4.77366216	0.0
4.801097	0.0
4.82853184	0.0
4.85596668	0.0
4.88340152	0.0
4.91083636	0.0
4.9382712	0.0
4.96570604	0.0
4.99314088	0.0
5.02057572	0.0
5.04801056	0.0
5.0754454	0.0
5.10288024	0.0
5.13031508	0.0
5.15774992	0.0
5.18518476	0.0
5.2126196	0.0
5.24005444	0.0
5.26748928	0.0
5.29492412	0.0
5.32235896	0.0
5.3497938	0.0
5.37722864	0.0
5.40466348	0.0
5.43209832	0.0
5.45953316	0.0
5.486968	0.0
5.51440284	0.0
5.54183768	0.0003
5.56927252	0.0008
5.59670736	0.0006
5.6241422	0.001
5.65157704	0.0003
5.67901188	0.0004
5.70644672	0.0004
5.73388156	0.0005
5.7613164	0.0005
5.78875124	0.0008
5.81618608	0.0006
5.84362092	0.0007
5.87105576	0.0002
5.8984906	0.0007
5.92592544	0.0002
5.95336028	0.0006
5.98079512	0.0006
6.00822996	0.0002
6.0356648	0.0007
6.06309964	0.0007
6.09053448	0.0004
6.11796932	0.0007
6.14540416	0.0003
6.172839	0.0004
6.20027384	0.0006
6.22770868	0.0002
6.25514352	0.0006
6.28257836	0.0001
6.3100132	0.0003
6.33744804	0.0004
6.36488288	0.0005
6.39231772	0.0007
6.41975256	0.0007
6.4471874	0.0003
6.47462224	0.0002
6.50205708	0.0002
6.52949192	0.0004
6.55692676	0.0003
6.5843616	0.0007
6.61179644	0.0003
6.63923128	0.0004
6.66666612	0.0007
6.69410096	0.0002
6.7215358	0.0008
6.74897064	0.0005
6.77640548	0.0007
6.80384032	0.0004
6.83127516	0.0006
6.85871	0.0012
6.88614484	0.0008
6.91357968	0.0009
6.94101452	0.0005
6.96844936	0.0007
6.9958842	0.0005
7.02331904	0.0008
7.05075388	0.0007
7.07818872	0.0008
7.10562356	0.0011
7.1330584	0.0004
7.16049324	0.0004
7.18792808	0.0005
7.21536292	0.0004
7.24279776	0.0004
7.2702326	0.0003
7.29766744	0.0004
7.32510228	0.0003
7.35253712	0.0005
7.37997196	0.0008
7.4074068	0.0007
7.43484164	0.0008
7.46227648	0.0004
7.48971132	0.0004
7.51714616	0.0003
7.544581	0.0008
7.57201584	0.001
7.59945068	0.0008
7.62688552	0.0008
7.65432036	0.0006
7.6817552	0.0005
7.70919004	0.0006
7.73662488	0.0005
7.76405972	0.0005
7.79149456	0.0006
7.8189294	0.0004
7.84636424	0.0004
7.87379908	0.0007
7.90123392	0.0004
7.92866876	0.0005
7.9561036	0.0006
7.98353844	0.0006
8.01097328	0.0006
8.03840812	0.0002
8.06584296	0.0008
8.0932778	0.0006
8.12071264	0.0005
8.14814748	0.0007
8.17558232	0.0004
8.20301716	0.0004
8.230452	0.0003
8.25788684	0.0005
8.28532168	0.0007
8.31275652	0.0005
8.34019136	0.0006
8.3676262	0.0004
8.39506104	0.0005
8.42249588	0.0004
8.44993072	0.0003
8.47736556	0.0006
8.5048004	0.0007
8.53223524	0.0004
8.55967008	0.0008
8.58710492	0.0006
8.61453976	0.0002
8.6419746	0.0003
8.66940944	0.0007
8.69684428	0.0006
8.72427912	0.0007
8.75171396	0.0009
8.7791488	0.0
8.80658364	0.0008
8.83401848	0.0006
8.86145332	0.0003
8.88888816	0.0003
8.916323	0.0006
8.94375784	0.0006
8.97119268	0.0004
8.99862752	0.0009
9.02606236	0.0004
9.0534972	0.0007
9.08093204	0.0007
9.10836688	0.0008
9.13580172	0.0008
9.16323656	0.0003
9.1906714	0.0007
9.21810624	0.0003
9.24554108	0.0003
9.27297592	0.0
9.30041076	0.0001
9.3278456	0.0008
9.35528044	0.0005
9.38271528	0.0007
9.41015012	0.001
9.43758496	0.0006
9.4650198	0.0008
9.49245464	0.0003
9.51988948	0.0006
9.54732432	0.0009
9.57475916	0.0007
9.602194	0.0007
9.62962884	0.0005
9.65706368	0.0002
9.68449852	0.0005
9.71193336	0.0008
9.7393682	0.0006
9.76680304	0.0005
9.79423788	0.0004
9.82167272	0.0003
9.84910756	0.0006
9.8765424	0.0013
9.90397724	0.0002
9.93141208	0.0009
9.95884692	0.0003
9.98628176	0.0006
10.0137166	0.001
10.04115144	0.0011
10.06858628	0.0004
10.09602112	0.0003
10.12345596	0.0005
10.1508908	0.0006
10.17832564	0.0
10.20576048	0.0004
10.23319532	0.0005
10.26063016	0.0005
10.288065	0.0005
10.31549984	0.0005
10.34293468	0.0006
10.37036952	0.0002
10.39780436	0.0006
10.4252392	0.0005
10.45267404	0.0003
10.48010888	0.0007
10.50754372	0.0005
10.53497856	0.0004
10.5624134	0.0004
10.58984824	0.0001
10.61728308	0.0004
10.64471792	0.0007
10.67215276	0.0004
10.6995876	0.0007
10.72702244	0.0009
10.75445728	0.0009
10.78189212	0.001
10.80932696	0.0002
10.8367618	0.0005
10.86419664	0.0007
10.89163148	0.0009
10.91906632	0.0007
10.94650116	0.0004
10.973936	0.0005
11.00137084	0.0002
11.02880568	0.0004
11.05624052	0.0003
11.08367536	0.0002
11.1111102	0.0005
11.13854504	0.0006
11.16597988	0.0003
11.19341472	0.0007
11.22084956	0.0003
11.2482844	0.0004
11.27571924	0.0005
11.30315408	0.0007
11.33058892	0.0005
11.35802376	0.0005
11.3854586	0.0006
11.41289344	0.0005
11.44032828	0.0007
11.46776312	0.0006
11.49519796	0.0004
11.5226328	0.0005
11.55006764	0.0004
11.57750248	0.001
11.60493732	0.0003
11.63237216	0.0004
11.659807	0.0006
11.68724184	0.0005
11.71467668	0.0008
11.74211152	0.0008
11.76954636	0.0004
11.7969812	0.0003
11.82441604	0.0007
11.85185088	0.0002
11.87928572	0.0002
11.90672056	0.0
11.9341554	0.0006
11.96159024	0.0006
11.98902508	0.0007
12.01645992	0.0008
12.04389476	0.0004
12.0713296	0.0005
12.09876444	0.0008
12.12619928	0.0008
12.15363412	0.0002
12.18106896	0.001
12.2085038	0.0003
12.23593864	0.0002
12.26337348	0.0004
12.29080832	0.0005
12.31824316	0.0004
12.345678	0.0006
12.37311284	0.0008
12.40054768	0.0007
12.42798252	0.0005
12.45541736	0.001
12.4828522	0.0006
12.51028704	0.0003
12.53772188	0.0008
12.56515672	0.0007
12.59259156	0.0003
12.6200264	0.0002
12.64746124	0.0006
12.67489608	0.0006
12.70233092	0.0008
12.72976576	0.0004
12.7572006	0.0005
12.78463544	0.0006
12.81207028	0.001
12.83950512	0.0007
12.86693996	0.0008
12.8943748	0.0003
12.92180964	0.0011
12.94924448	0.0009
12.97667932	0.0005
13.00411416	0.0005
13.031549	0.0005
13.05898384	0.0011
13.08641868	0.0002
13.11385352	0.0001
13.14128836	0.0006
13.1687232	0.0004
13.19615804	0.0006
13.22359288	0.0011
13.25102772	0.001
13.27846256	0.0008
13.3058974	0.0006
13.33333224	0.0006
13.36076708	0.0004
13.38820192	0.0004
13.41563676	0.0007
13.4430716	0.0003
13.47050644	0.0002
13.49794128	0.0003
13.52537612	0.0001
13.55281096	0.0006
13.5802458	0.0001
13.60768064	0.0005
13.63511548	0.0009
13.66255032	0.0009
13.68998516	0.0005
13.71742	0.0005
13.74485484	0.0006
13.77228968	0.0013
13.79972452	0.0003
13.82715936	0.0005
13.8545942	0.0007
13.88202904	0.0006
13.90946388	0.001
13.93689872	0.0006
13.96433356	0.0002
13.9917684	0.001
14.01920324	0.0002
14.04663808	0.0004
14.07407292	0.0004
14.10150776	0.0002
14.1289426	0.0006
14.15637744	0.0005
14.18381228	0.0003
14.21124712	0.0005
14.23868196	0.0003
14.2661168	0.0002
14.29355164	0.0006
14.32098648	0.0004
14.34842132	0.0006
14.37585616	0.0006
14.403291	0.0004
14.43072584	0.0004
14.45816068	0.0
14.48559552	0.0009
14.51303036	0.0008
14.5404652	0.0004
14.56790004	0.0004
14.59533488	0.0007
14.62276972	0.0007
14.65020456	0.001
14.6776394	0.0008
14.70507424	0.0005
14.73250908	0.0002
14.75994392	0.0006
14.78737876	0.0007
14.8148136	0.001
14.84224844	0.0007
14.86968328	0.0007
14.89711812	0.0008
14.92455296	0.0004
14.9519878	0.0004
14.97942264	0.0007
15.00685748	0.0002
15.03429232	0.0002
15.06172716	0.0005
15.089162	0.0002
15.11659684	0.0005
15.14403168	0.0004
15.17146652	0.0005
15.19890136	0.0008
15.2263362	0.0005
15.25377104	0.0006
15.28120588	0.0
15.30864072	0.0005
15.33607556	0.0006
15.3635104	0.0005
15.39094524	0.0004
15.41838008	0.0002
15.44581492	0.0005
15.47324976	0.0006
15.5006846	0.0004
15.52811944	0.0004
15.55555428	0.0004
15.58298912	0.0007
15.61042396	0.0004
15.6378588	0.0006
15.66529364	0.0005
15.69272848	0.0006
15.72016332	0.0003
15.74759816	0.0008
15.775033	0.0004
15.80246784	0.0002
15.82990268	0.0009
15.85733752	0.0006
15.88477236	0.0005
15.9122072	0.0002
15.93964204	0.0005
15.96707688	0.0002
15.99451172	0.0005
16.02194656	0.0006
16.0493814	0.0005
16.07681624	0.0006
16.10425108	0.0006
16.13168592	0.0005
16.15912076	0.0008
16.1865556	0.0008
16.21399044	0.0002
16.24142528	0.0004
16.26886012	0.0008
16.29629496	0.0005
16.3237298	0.0002
16.35116464	0.0006
16.37859948	0.001
16.40603432	0.0005
16.43346916	0.0006
16.460904	0.0001
16.48833884	0.0011
16.51577368	0.0005
16.54320852	0.0002
16.57064336	0.0002
16.5980782	0.0006
16.62551304	0.0005
16.65294788	0.0007
16.68038272	0.0003
16.70781756	0.0007
16.7352524	0.0004
16.76268724	0.0009
16.79012208	0.0004
16.81755692	0.0003
16.84499176	0.0004
16.8724266	0.0006
16.89986144	0.0002
16.92729628	0.0008
16.95473112	0.0005
16.98216596	0.0004
17.0096008	0.0005
17.03703564	0.0006
17.06447048	0.0008
17.09190532	0.0003
17.11934016	0.0003
17.146775	0.0002
17.17420984	0.0011
17.20164468	0.0007
17.22907952	0.0003
17.25651436	0.0005
17.2839492	0.0005
17.31138404	0.0006
17.33881888	0.0003
17.36625372	0.0003
17.39368856	0.0007
17.4211234	0.0005
17.44855824	0.0005
17.47599308	0.0005
17.50342792	0.0002
17.53086276	0.0002
17.5582976	0.0005
17.58573244	0.0009
17.61316728	0.0006
17.64060212	0.0003
17.66803696	0.0009
17.6954718	0.0003
17.72290664	0.0003
17.75034148	0.0006
17.77777632	0.0001
17.80521116	0.0007
17.832646	0.0003
17.86008084	0.0005
17.88751568	0.0008
17.91495052	0.0005
17.94238536	0.0003
17.9698202	0.0003
17.99725504	0.0005
18.02468988	0.0005
18.05212472	0.0004
18.07955956	0.0002
18.1069944	0.0001
18.13442924	0.0002
18.16186408	0.0002
18.18929892	0.0004
18.21673376	0.0008
18.2441686	0.0002
18.27160344	0.0004
18.29903828	0.0005
18.32647312	0.0003
18.35390796	0.0007
18.3813428	0.0004
18.40877764	0.0004
18.43621248	0.001
18.46364732	0.0003
18.49108216	0.0004
18.518517	0.0003
18.54595184	0.0006
18.57338668	0.0005
18.60082152	0.0003
18.62825636	0.0005
18.6556912	0.0007
18.68312604	0.0004
18.71056088	0.0004
18.73799572	0.0003
18.76543056	0.0
18.7928654	0.0004
18.82030024	0.0005
18.84773508	0.0003
18.87516992	0.0002
18.90260476	0.0006
18.9300396	0.0005
18.95747444	0.0
18.98490928	0.0004
19.01234412	0.0004
19.03977896	0.0006
19.0672138	0.0006
19.09464864	0.001
19.12208348	0.0003
19.14951832	0.0004
19.17695316	0.0005
19.204388	0.001
19.23182284	0.0005
19.25925768	0.0003
19.28669252	0.0003
19.31412736	0.0004
19.3415622	0.0006
19.36899704	0.0011
19.39643188	0.0004
19.42386672	0.0006
19.45130156	0.0005
19.4787364	0.0006
19.50617124	0.0006
19.53360608	0.0005
19.56104092	0.0005
19.58847576	0.0009
19.6159106	0.0005
19.64334544	0.0006
19.67078028	0.0006
19.69821512	0.0009
19.72564996	0.0003
19.7530848	0.0003
19.78051964	0.0005
19.80795448	0.0008
19.83538932	0.001
19.86282416	0.0008
19.890259	0.0002
19.91769384	0.0002
19.94512868	0.0006
19.97256352	0.0005
19.99999836	0.0004
20.0274332	0.0004
20.05486804	0.0004
20.08230288	0.0006
20.10973772	0.0002
20.13717256	0.0005
20.1646074	0.0004
20.19204224	0.0006
20.21947708	0.0006
20.24691192	0.0007
20.27434676	0.0007
20.3017816	0.0005
20.32921644	0.0002
20.35665128	0.0005
20.38408612	0.0005
20.41152096	0.0006
20.4389558	0.0007
20.46639064	0.0007
20.49382548	0.0002
20.52126032	0.0006
20.54869516	0.0006
20.57613	0.0007
20.60356484	0.0004
20.63099968	0.0005
20.65843452	0.0007
20.68586936	0.0006
20.7133042	0.0007
20.74073904	0.0003
20.76817388	0.0007
20.79560872	0.0007
20.82304356	0.0005
20.8504784	0.0002
20.87791324	0.0009
20.90534808	0.0005
20.93278292	0.0004
20.96021776	0.0005
20.9876526	0.0005
21.01508744	0.0005
21.04252228	0.0006
21.06995712	0.0005
21.09739196	0.0006
21.1248268	0.0006
21.15226164	0.0006
21.17969648	0.0006
21.20713132	0.0005
21.23456616	0.0002
21.262001	0.0007
21.28943584	0.0005
21.31687068	0.0006
21.34430552	0.0003
21.37174036	0.0006
21.3991752	0.0004
21.42661004	0.0006
21.45404488	0.0006
21.48147972	0.0005
21.50891456	0.0005
21.5363494	0.0005
21.56378424	0.0009
21.59121908	0.0007
21.61865392	0.0005
21.64608876	0.0005
21.6735236	0.0002
21.70095844	0.001
21.72839328	0.001
21.75582812	0.0006
21.78326296	0.0004
21.8106978	0.0007
21.83813264	0.0009
21.86556748	0.0006
21.89300232	0.0003
21.92043716	0.0006
21.947872	0.0005
21.97530684	0.0005
22.00274168	0.0004
22.03017652	0.0006
22.05761136	0.0004
22.0850462	0.0009
22.11248104	0.0004
22.13991588	0.0004
22.16735072	0.0002
22.19478556	0.0006
22.2222204	0.0005
22.24965524	0.0001
22.27709008	0.001
22.30452492	0.0004
22.33195976	0.0006
22.3593946	0.0005
22.38682944	0.0006
22.41426428	0.0004
22.44169912	0.0002
22.46913396	0.0003
22.4965688	0.0005
22.52400364	0.0003
22.55143848	0.0007
22.57887332	0.0004
22.60630816	0.0006
22.633743	0.0005
22.66117784	0.0007
22.68861268	0.0008
22.71604752	0.0006
22.74348236	0.0008
22.7709172	0.0004
22.79835204	0.0004
22.82578688	0.0007
22.85322172	0.0006
22.88065656	0.0006
22.9080914	0.0002
22.93552624	0.0004
22.96296108	0.0005
22.99039592	0.0004
23.01783076	0.0004
23.0452656	0.0005
23.07270044	0.0006
23.10013528	0.0004
23.12757012	0.0006
23.15500496	0.0012
23.1824398	0.0002
23.20987464	0.0007
23.23730948	0.0007
23.26474432	0.0004
23.29217916	0.0004
23.319614	0.0007
23.34704884	0.0004
23.37448368	0.0003
23.40191852	0.0003
23.42935336	0.0001
23.4567882	0.0003
23.48422304	0.0002
23.51165788	0.0008
23.53909272	0.0005
23.56652756	0.0004
23.5939624	0.0005
23.62139724	0.0003
23.64883208	0.0008
23.67626692	0.0006
23.70370176	0.0006
23.7311366	0.0004
23.75857144	0.0004
23.78600628	0.0003
23.81344112	0.0006
23.84087596	0.0007
23.8683108	0.0007
23.89574564	0.0005
23.92318048	0.0005
23.95061532	0.0003
23.97805016	0.0006
24.005485	0.0003
24.03291984	0.0005
24.06035468	0.0007
24.08778952	0.0007
24.11522436	0.0008
24.1426592	0.0003
24.17009404	0.0007
24.19752888	0.0006
24.22496372	0.0005
24.25239856	0.0006
24.2798334	0.0003
24.30726824	0.0009
24.33470308	0.0
24.36213792	0.0006
24.38957276	0.0004
24.4170076	0.0007
24.44444244	0.0004
24.47187728	0.0006
24.49931212	0.0005
24.52674696	0.0005
24.5541818	0.0002
24.58161664	0.0005
24.60905148	0.0008
24.63648632	0.0004
24.66392116	0.0007
24.691356	0.0007
24.71879084	0.0007
24.74622568	0.0006
24.77366052	0.0006
24.80109536	0.0002
24.8285302	0.0007
24.85596504	0.0003
24.88339988	0.0005
24.91083472	0.0002
24.93826956	0.0006
24.9657044	0.0004
24.99313924	0.0007
25.02057408	0.0004
25.04800892	0.0003
25.07544376	0.0003
25.1028786	0.0005
25.13031344	0.0004
25.15774828	0.0005
25.18518312	0.0002
25.21261796	0.0008
25.2400528	0.0006
25.26748764	0.0004
25.29492248	0.0002
25.32235732	0.0007
25.34979216	0.0004
25.377227	0.0005
25.40466184	0.0006
25.43209668	0.0003
25.45953152	0.0002
25.48696636	0.0005
25.5144012	0.0004
25.54183604	0.0004
25.56927088	0.0006
25.59670572	0.0002
25.62414056	0.0007
25.6515754	0.0008
25.67901024	0.0001
25.70644508	0.0001
25.73387992	0.0008
25.76131476	0.0005
25.7887496	0.0005
25.81618444	0.0002
25.84361928	0.0004
25.87105412	0.0004
25.89848896	0.0008
25.9259238	0.0005
25.95335864	0.0006
25.98079348	0.0005
26.00822832	0.0006
26.03566316	0.0005
26.063098	0.0006
26.09053284	0.0003
26.11796768	0.0009
26.14540252	0.0006
26.17283736	0.0006
26.2002722	0.0003
26.22770704	0.0005
26.25514188	0.0006
26.28257672	0.0004
26.31001156	0.0006
26.3374464	0.0002
26.36488124	0.0007
26.39231608	0.0004
26.41975092	0.0005
26.44718576	0.0007
26.4746206	0.0002
26.50205544	0.0004
26.52949028	0.0004
26.55692512	0.0003
26.58435996	0.0001
26.6117948	0.0006
26.63922964	0.0001
26.66666448	0.0005
26.69409932	0.0003
26.72153416	0.0004
26.748969	0.0001
26.77640384	0.0002
26.80383868	0.0007
26.83127352	0.0003
26.85870836	0.0004
26.8861432	0.0005
26.91357804	0.0005
26.94101288	0.0005
26.96844772	0.0006
26.99588256	0.0005
27.0233174	0.0004
27.05075224	0.0005
27.07818708	0.0006
27.10562192	0.0002
27.13305676	0.0008
27.1604916	0.0004
27.18792644	0.0006
27.21536128	0.0002
27.24279612	0.0006
27.27023096	0.0008
27.2976658	0.0007
27.32510064	0.0006
27.35253548	0.0007
27.37997032	0.0007
27.40740516	0.0004
27.43484	0.0008
27.46227484	0.0009
27.48970968	0.0007
27.51714452	0.0011
27.54457936	0.0008
27.5720142	0.0008
27.59944904	0.0006
27.62688388	0.0011
27.65431872	0.0015
27.68175356	0.001
27.7091884	0.0042
27.73662324	0.0043
27.76405808	0.009
27.79149292	0.0186
27.81892776	0.0386
27.8463626	0.0632
27.87379744	0.1233
27.90123228	0.1904
27.92866712	0.2783
27.95610196	0.3878
27.9835368	0.492
28.01097164	0.5892
28.03840648	0.6763
28.06584132	0.7392
28.09327616	0.811
28.120711	0.8442
28.14814584	0.8708
28.17558068	0.919
28.20301552	0.9254
28.23045036	0.9424
28.2578852	0.9705
28.28532004	0.9487
28.31275488	0.9571
28.34018972	0.9647
28.36762456	0.9737
28.3950594	0.9765
28.42249424	1.0
28.44992908	0.9773
28.47736392	0.9759
28.50479876	0.9754
28.5322336	0.9662
28.55966844	0.9461
28.58710328	0.9395
28.61453812	0.919
28.64197296	0.9244
28.6694078	0.9149
28.69684264	0.9381
28.72427748	0.9218
28.75171232	0.8911
28.77914716	0.9121
28.806582	0.8876
28.83401684	0.8761
28.86145168	0.8624
28.88888652	0.8817
28.91632136	0.8655
28.9437562	0.8537
28.97119104	0.8318
28.99862588	0.8258
29.02606072	0.8366
29.05349556	0.8185
29.0809304	0.8105
29.10836524	0.808
29.13580008	0.7988
29.16323492	0.7975
29.19066976	0.7978
29.2181046	0.7987
29.24553944	0.7675
29.27297428	0.776
29.30040912	0.7583
29.32784396	0.7737
29.3552788	0.7501
29.38271364	0.7657
29.41014848	0.7425
29.43758332	0.7371
29.46501816	0.7296
29.492453	0.7332
29.51988784	0.7419
29.54732268	0.727
29.57475752	0.7092
29.60219236	0.7075
29.6296272	0.6754
29.65706204	0.6875
29.68449688	0.6748
29.71193172	0.6718
29.73936656	0.6737
29.7668014	0.6795
29.79423624	0.6593
29.82167108	0.6667
29.84910592	0.6598
29.87654076	0.6573
29.9039756	0.6363
29.93141044	0.629
29.95884528	0.6358
29.98628012	0.6287
30.01371496	0.6347
30.0411498	0.6166
30.06858464	0.6107
30.09601948	0.6058
30.12345432	0.6104
30.15088916	0.6025
30.178324	0.5782
30.20575884	0.5821
30.23319368	0.5799
30.26062852	0.5696
30.28806336	0.57
30.3154982	0.5602
30.34293304	0.57
30.37036788	0.5629
30.39780272	0.5591
30.42523756	0.5538
30.4526724	0.551
30.48010724	0.5357
30.50754208	0.5316
30.53497692	0.5181
30.56241176	0.5119
30.5898466	0.5354
30.61728144	0.5142
30.64471628	0.524
30.67215112	0.508
30.69958596	0.5103
30.7270208	0.4999
30.75445564	0.4979
30.78189048	0.4965
30.80932532	0.4967
30.83676016	0.4938
30.864195	0.4724
30.89162984	0.4911
30.91906468	0.4812
30.94649952	0.468
30.97393436	0.4667
31.0013692	0.4737
31.02880404	0.4544
31.05623888	0.4485
31.08367372	0.4399
31.11110856	0.4598
31.1385434	0.4529
31.16597824	0.4453
31.19341308	0.4366
31.22084792	0.4379
31.24828276	0.4251
31.2757176	0.4275
31.30315244	0.4328
31.33058728	0.4253
31.35802212	0.4138
31.38545696	0.4122
31.4128918	0.414
31.44032664	0.4047
31.46776148	0.4029
31.49519632	0.4056
31.52263116	0.4041
31.550066	0.3973
31.57750084	0.3963
31.60493568	0.3996
31.63237052	0.3851
31.65980536	0.3782
31.6872402	0.3756
31.71467504	0.3769
31.74210988	0.3852
31.76954472	0.3829
31.79697956	0.3796
31.8244144	0.3607
31.85184924	0.3644
31.87928408	0.3651
31.90671892	0.3657
31.93415376	0.3648
31.9615886	0.3527
31.98902344	0.3448
32.01645828	0.3367
32.04389312	0.3547
32.07132796	0.3343
32.0987628	0.3423
32.12619764	0.3292
32.15363248	0.3433
32.18106732	0.3304
32.20850216	0.3355
32.235937	0.3331
32.26337184	0.3146
32.29080668	0.3221
32.31824152	0.3197
32.34567636	0.3259
32.3731112	0.317
32.40054604	0.3168
32.42798088	0.3044
32.45541572	0.3067
32.48285056	0.3045
32.5102854	0.3017
32.53772024	0.2971
32.56515508	0.2963
32.59258992	0.2939
32.62002476	0.3
32.6474596	0.2933
32.67489444	0.2898
32.70232928	0.279
32.72976412	0.2875
32.75719896	0.2942
32.7846338	0.2812
32.81206864	0.288
32.83950348	0.2732
32.86693832	0.28
32.89437316	0.2719
32.921808	0.2814
32.94924284	0.2692
32.97667768	0.274
33.00411252	0.269
33.03154736	0.2577
33.0589822	0.259
33.08641704	0.2669
33.11385188	0.2583
33.14128672	0.2624
33.16872156	0.2549
33.1961564	0.2518
33.22359124	0.2464
33.25102608	0.2464
33.27846092	0.2487
33.30589576	0.2453
33.3333306	0.2464
33.36076544	0.2359
33.38820028	0.2453
33.41563512	0.2399
33.44306996	0.2386
33.4705048	0.2375
33.49793964	0.2265
33.52537448	0.2358
33.55280932	0.231
33.58024416	0.2283
33.607679	0.2252
33.63511384	0.2243
33.66254868	0.2244
33.68998352	0.227
33.71741836	0.2224
33.7448532	0.2053
33.77228804	0.2208
33.79972288	0.2203
33.82715772	0.2207
33.85459256	0.2237
33.8820274	0.2146
33.90946224	0.2118
33.93689708	0.1975
33.96433192	0.2045
33.99176676	0.2007
34.0192016	0.2035
34.04663644	0.2051
34.07407128	0.2035
34.10150612	0.2048
34.12894096	0.1976
34.1563758	0.2014
34.18381064	0.1973
34.21124548	0.1938
34.23868032	0.1947
34.26611516	0.1932
34.29355	0.1833
34.32098484	0.1918
34.34841968	0.1875
34.37585452	0.1886
34.40328936	0.1853
34.4307242	0.178
34.45815904	0.1841
34.48559388	0.1769
34.51302872	0.1744
34.54046356	0.1818
34.5678984	0.1723
34.59533324	0.1704
34.62276808	0.1747
34.65020292	0.1807
34.67763776	0.1813
34.7050726	0.1675
34.73250744	0.1672
34.75994228	0.1613
34.78737712	0.1702
34.81481196	0.1653
34.8422468	0.1612
34.86968164	0.1643
34.89711648	0.1593
34.92455132	0.1596
34.95198616	0.1562
34.979421	0.1577
35.00685584	0.1527
35.03429068	0.1596
35.06172552	0.1463
35.08916036	0.1519
35.1165952	0.1454
35.14403004	0.1455
35.17146488	0.1564
35.19889972	0.1421
35.22633456	0.1484
35.2537694	0.1512
35.28120424	0.1512
35.30863908	0.1394
35.33607392	0.1385
35.36350876	0.1444
35.3909436	0.1418
35.41837844	0.1418
35.44581328	0.1367
35.47324812	0.1377
35.50068296	0.1392
35.5281178	0.1365
35.55555264	0.1416
35.58298748	0.137
35.61042232	0.1392
35.63785716	0.1324
35.665292	0.1294
35.69272684	0.1328
35.72016168	0.1331
35.74759652	0.1272
35.77503136	0.1262
35.8024662	0.1308
35.82990104	0.1336
35.85733588	0.1274
35.88477072	0.1232
35.91220556	0.1315
35.9396404	0.1339
35.96707524	0.1185
35.99451008	0.1243
36.02194492	0.115
36.04937976	0.1166
36.0768146	0.1164
36.10424944	0.1148
36.13168428	0.1203
36.15911912	0.1239
36.18655396	0.1177
36.2139888	0.1179
36.24142364	0.1155
36.26885848	0.1153
36.29629332	0.1131
36.32372816	0.1158
36.351163	0.1034
36.37859784	0.1136
36.40603268	0.1109
36.43346752	0.1073
36.46090236	0.1086
36.4883372	0.1059
36.51577204	0.1092
36.54320688	0.1045
36.57064172	0.1023
36.59807656	0.104
36.6255114	0.1042
36.65294624	0.1038
36.68038108	0.1056
36.70781592	0.1037
36.73525076	0.0977
36.7626856	0.0953
36.79012044	0.0981
36.81755528	0.0977
36.84499012	0.0979
36.87242496	0.0976
36.8998598	0.1006
36.92729464	0.097
36.95472948	0.0951
36.98216432	0.0978
37.00959916	0.0977
37.037034	0.091
37.06446884	0.0935
37.09190368	0.0917
37.11933852	0.0923
37.14677336	0.096
37.1742082	0.0916
37.20164304	0.0948
37.22907788	0.086
37.25651272	0.0884
37.28394756	0.0855
37.3113824	0.0843
37.33881724	0.0902
37.36625208	0.0868
37.39368692	0.0841
37.42112176	0.081
37.4485566	0.08
37.47599144	0.0882
37.50342628	0.085
37.53086112	0.0845
37.55829596	0.084
37.5857308	0.0835
37.61316564	0.0883
37.64060048	0.0832
37.66803532	0.0828
37.69547016	0.0825
37.722905	0.0797
37.75033984	0.0792
37.77777468	0.0804
37.80520952	0.076
37.83264436	0.0814
37.8600792	0.0771
37.88751404	0.0768
37.91494888	0.0762
37.94238372	0.0782
37.96981856	0.0753
37.9972534	0.0802
38.02468824	0.0768
38.05212308	0.0744
38.07955792	0.0769
38.10699276	0.0794
38.1344276	0.0747
38.16186244	0.0705
38.18929728	0.0751
38.21673212	0.0709
38.24416696	0.0726
38.2716018	0.0717
38.29903664	0.0687
38.32647148	0.072
38.35390632	0.0708
38.38134116	0.0639
38.408776	0.063
38.43621084	0.0686
38.46364568	0.0659
38.49108052	0.0696
38.51851536	0.063
38.5459502	0.0648
38.57338504	0.0649
38.60081988	0.0657
38.62825472	0.0659
38.65568956	0.0644
38.6831244	0.063
38.71055924	0.0631
38.73799408	0.056
38.76542892	0.0632
38.79286376	0.0605
38.8202986	0.0605
38.84773344	0.0583
38.87516828	0.0577
38.90260312	0.0605
38.93003796	0.0584
38.9574728	0.0614
38.98490764	0.0598
39.01234248	0.0566
39.03977732	0.0563
39.06721216	0.0546
39.094647	0.0575
39.12208184	0.0562
39.14951668	0.052
39.17695152	0.0561
39.20438636	0.0565
39.2318212	0.0514
39.25925604	0.0513
39.28669088	0.0555
39.31412572	0.0559
39.34156056	0.0543
39.3689954	0.0531
39.39643024	0.0519
39.42386508	0.0525
39.45129992	0.0496
39.47873476	0.0544
39.5061696	0.0551
39.53360444	0.0545
39.56103928	0.0491
39.58847412	0.0553
39.61590896	0.0513
39.6433438	0.0504
39.67077864	0.0503
39.69821348	0.0533
39.72564832	0.0463
39.75308316	0.0509
39.780518	0.0504
39.80795284	0.0419
39.83538768	0.0493
39.86282252	0.0492
39.89025736	0.0436
39.9176922	0.0502
39.94512704	0.0501
39.97256188	0.0467
39.99999672	0.0494
40.02743156	0.0439
40.0548664	0.0459
40.08230124	0.045
40.10973608	0.0478
40.13717092	0.0471
40.16460576	0.0406
40.1920406	0.0443
40.21947544	0.0477
40.24691028	0.046
40.27434512	0.0444
40.30177996	0.0416
40.3292148	0.0398
40.35664964	0.0406
40.38408448	0.0443
40.41151932	0.0413
40.43895416	0.0434
40.466389	0.042
40.49382384	0.0414
40.52125868	0.0386
40.54869352	0.0388
40.57612836	0.0364
40.6035632	0.0414
40.63099804	0.0375
40.65843288	0.038
40.68586772	0.0375
40.71330256	0.0359
40.7407374	0.0373
40.76817224	0.0389
40.79560708	0.0384
40.82304192	0.033
40.85047676	0.0379
40.8779116	0.039
40.90534644	0.0359
40.93278128	0.036
40.96021612	0.0329
40.98765096	0.0379
41.0150858	0.0374
41.04252064	0.0388
41.06995548	0.0369
41.09739032	0.0341
41.12482516	0.0351
41.15226	0.0382
41.17969484	0.0378
41.20712968	0.0343
41.23456452	0.0368
41.26199936	0.0367
41.2894342	0.0381
41.31686904	0.0346
41.34430388	0.0316
41.37173872	0.0364
41.39917356	0.0322
41.4266084	0.0318
41.45404324	0.0313
41.48147808	0.0339
41.50891292	0.0339
41.53634776	0.033
41.5637826	0.0326
41.59121744	0.032
41.61865228	0.0337
41.64608712	0.0319
41.67352196	0.03
41.7009568	0.0301
41.72839164	0.0315
41.75582648	0.032
41.78326132	0.0333
41.81069616	0.032
41.838131	0.0309
41.86556584	0.0297
41.89300068	0.0251
41.92043552	0.0286
41.94787036	0.0311
41.9753052	0.0309
42.00274004	0.0265
42.03017488	0.0276
42.05760972	0.0261
42.08504456	0.028
42.1124794	0.0287
42.13991424	0.027
42.16734908	0.0287
42.19478392	0.0253
42.22221876	0.0292
42.2496536	0.0266
42.27708844	0.0273
42.30452328	0.0287
42.33195812	0.0276
42.35939296	0.0246
42.3868278	0.0302
42.41426264	0.0238
42.44169748	0.0266
42.46913232	0.0292
42.49656716	0.0247
42.524002	0.0256
42.55143684	0.0249
42.57887168	0.028
42.60630652	0.027
42.63374136	0.0231
42.6611762	0.0244
42.68861104	0.0252
42.71604588	0.0231
42.74348072	0.0258
42.77091556	0.0219
42.7983504	0.0226
42.82578524	0.0255
42.85322008	0.0251
42.88065492	0.0266
42.90808976	0.0217
42.9355246	0.0242
42.96295944	0.023
42.99039428	0.0236
43.01782912	0.0248
43.04526396	0.0232
43.0726988	0.0224
43.10013364	0.0241
43.12756848	0.0239
43.15500332	0.0252
43.18243816	0.0244
43.209873	0.0207
43.23730784	0.0211
43.26474268	0.0194
43.29217752	0.0234
43.31961236	0.0235
43.3470472	0.0208
43.37448204	0.0233
43.40191688	0.0211
43.42935172	0.0189
43.45678656	0.0204
43.4842214	0.0213
43.51165624	0.0219
43.53909108	0.0207
43.56652592	0.0186
43.59396076	0.0212
43.6213956	0.0224
43.64883044	0.0203
43.67626528	0.0197
43.70370012	0.0189
43.73113496	0.0189
43.7585698	0.0197
43.78600464	0.02
43.81343948	0.0196
43.84087432	0.0203
43.86830916	0.02
43.895744	0.0206
43.92317884	0.0207
43.95061368	0.0217
43.97804852	0.0207
44.00548336	0.0184
44.0329182	0.016
44.06035304	0.0173
44.08778788	0.018
44.11522272	0.0198
44.14265756	0.019
44.1700924	0.0186
44.19752724	0.0186
44.22496208	0.0172
44.25239692	0.0193
44.27983176	0.0172
44.3072666	0.0175
44.33470144	0.016
44.36213628	0.0161
44.38957112	0.0155
44.41700596	0.0186
44.4444408	0.0159
44.47187564	0.0175
44.49931048	0.016
44.52674532	0.0209
44.55418016	0.0169
44.581615	0.017
44.60904984	0.016
44.63648468	0.0149
44.66391952	0.0141
44.69135436	0.0138
44.7187892	0.0165
44.74622404	0.0156
44.77365888	0.0161
44.80109372	0.0152
44.82852856	0.0137
44.8559634	0.0147
44.88339824	0.0171
44.91083308	0.0144
44.93826792	0.014
44.96570276	0.0176
44.9931376	0.0151
45.02057244	0.0164
45.04800728	0.016
45.07544212	0.016
45.10287696	0.0146
45.1303118	0.0138
45.15774664	0.0132
45.18518148	0.016
45.21261632	0.0132
45.24005116	0.0139
45.267486	0.0153
45.29492084	0.0146
45.32235568	0.0133
45.34979052	0.0135
45.37722536	0.0151
45.4046602	0.0145
45.43209504	0.014
45.45952988	0.0139
45.48696472	0.0126
45.51439956	0.0138
45.5418344	0.0115
45.56926924	0.0156
45.59670408	0.012
45.62413892	0.0132
45.65157376	0.0151
45.6790086	0.0139
45.70644344	0.0126
45.73387828	0.0138
45.76131312	0.0141
45.78874796	0.0129
45.8161828	0.0128
45.84361764	0.0127
45.87105248	0.012
45.89848732	0.0133
45.92592216	0.0146
45.953357	0.013
45.98079184	0.0118
46.00822668	0.0127
46.03566152	0.0115
46.06309636	0.012
46.0905312	0.01
46.11796604	0.0124
46.14540088	0.0108
46.17283572	0.0114
46.20027056	0.0128
46.2277054	0.0103
46.25514024	0.0103
46.28257508	0.0133
46.31000992	0.0124
46.33744476	0.012
46.3648796	0.0098
46.39231444	0.0118
46.41974928	0.0117
46.44718412	0.012
46.47461896	0.0129
46.5020538	0.011
46.52948864	0.0126
46.55692348	0.0093
46.58435832	0.0114
46.61179316	0.0095
46.639228	0.0106
46.66666284	0.0123
46.69409768	0.0108
46.72153252	0.0106
46.74896736	0.0109
46.7764022	0.0119
46.80383704	0.0093
46.83127188	0.01
46.85870672	0.0107
46.88614156	0.0089
46.9135764	0.0101
46.94101124	0.0096
46.96844608	0.0109
46.99588092	0.0093
47.02331576	0.0088
47.0507506	0.0094
47.07818544	0.0109
47.10562028	0.0111
47.13305512	0.0109
47.16048996	0.0124
47.1879248	0.0102
47.21535964	0.0109
47.24279448	0.01
47.27022932	0.0108
47.29766416	0.0096
47.325099	0.009
47.35253384	0.0083
47.37996868	0.0103
47.40740352	0.0082
47.43483836	0.0081
47.4622732	0.0084
47.48970804	0.0092
47.51714288	0.0068
47.54457772	0.0093
47.57201256	0.0087
47.5994474	0.0088
47.62688224	0.0089
47.65431708	0.0075
47.68175192	0.0089
47.70918676	0.0076
47.7366216	0.0085
47.76405644	0.0087
47.79149128	0.0087
47.81892612	0.0073
47.84636096	0.0086
47.8737958	0.0066
47.90123064	0.0091
47.92866548	0.009
47.95610032	0.0073
47.98353516	0.0096
48.01097	0.0077
48.03840484	0.0087
48.06583968	0.0084
48.09327452	0.0075
48.12070936	0.0093
48.1481442	0.008
48.17557904	0.0062
48.20301388	0.0089
48.23044872	0.0078
48.25788356	0.009
48.2853184	0.0068
48.31275324	0.0076
48.34018808	0.0073
48.36762292	0.0064
48.39505776	0.0072
48.4224926	0.0081
48.44992744	0.0074
48.47736228	0.0066
48.50479712	0.007
48.53223196	0.0092
48.5596668	0.0073
48.58710164	0.0077
48.61453648	0.0076
48.64197132	0.0067
48.66940616	0.0073
48.696841	0.0071
48.72427584	0.0056
48.75171068	0.0072
48.77914552	0.0078
48.80658036	0.0053
48.8340152	0.0091
48.86145004	0.0063
48.88888488	0.0046
48.91631972	0.0082
48.94375456	0.0073
48.9711894	0.0064
48.99862424	0.0068
49.02605908	0.0064
49.05349392	0.0058
49.08092876	0.0066
49.1083636	0.0082
49.13579844	0.0067
49.16323328	0.0074
49.19066812	0.0079
49.21810296	0.0062
49.2455378	0.0062
49.27297264	0.0074
49.30040748	0.0061
49.32784232	0.0064
49.35527716	0.007
49.382712	0.007
49.41014684	0.0067
49.43758168	0.0068
49.46501652	0.0059
49.49245136	0.0073
49.5198862	0.0062
49.54732104	0.0051
49.57475588	0.0059
49.60219072	0.0067
49.62962556	0.0053
49.6570604	0.007
49.68449524	0.0069
49.71193008	0.0062
49.73936492	0.0063
49.76679976	0.0066
49.7942346	0.0054
49.82166944	0.0063
49.84910428	0.0068
49.87653912	0.0056
49.90397396	0.0063
49.9314088	0.0059
49.95884364	0.0066
49.98627848	0.0045
50.01371332	0.0072
50.04114816	0.0056
50.068583	0.0067
50.09601784	0.0062
50.12345268	0.0048
50.15088752	0.0064
50.17832236	0.0064
50.2057572	0.0039
50.23319204	0.0049
50.26062688	0.0037
50.28806172	0.0048
50.31549656	0.0054
50.3429314	0.0048
50.37036624	0.0056
50.39780108	0.005
50.42523592	0.0054
50.45267076	0.0064
50.4801056	0.0042
50.50754044	0.0049
50.53497528	0.0048
50.56241012	0.0054
50.58984496	0.0047
50.6172798	0.0049
50.64471464	0.0056
50.67214948	0.0043
50.69958432	0.0051
50.72701916	0.0062
50.754454	0.0057
50.78188884	0.0042
50.80932368	0.0057
50.83675852	0.0045
50.86419336	0.0051
50.8916282	0.0062
50.91906304	0.0051
50.94649788	0.0047
50.97393272	0.0048
51.00136756	0.0052
51.0288024	0.0035
51.05623724	0.0049
51.08367208	0.0048
51.11110692	0.0052
51.13854176	0.0052
51.1659766	0.005
51.19341144	0.0048
51.22084628	0.0042
51.24828112	0.0044
51.27571596	0.0047
51.3031508	0.0044
51.33058564	0.0041
51.35802048	0.0049
51.38545532	0.0035
51.41289016	0.0051
51.440325	0.0043
51.46775984	0.0054
51.49519468	0.0045
51.52262952	0.0056
51.55006436	0.0044
51.5774992	0.0036
51.60493404	0.0062
51.63236888	0.0035
51.65980372	0.0036
51.68723856	0.004
51.7146734	0.0043
51.74210824	0.0046
51.76954308	0.0043
51.79697792	0.0042
51.82441276	0.0042
51.8518476	0.0045
51.87928244	0.0046
51.90671728	0.0035
51.93415212	0.0039
51.96158696	0.0042
51.9890218	0.0039
52.01645664	0.0048
52.04389148	0.0044
52.07132632	0.0044
52.09876116	0.0038
52.126196	0.0041
52.15363084	0.0051
52.18106568	0.0044
52.20850052	0.0036
52.23593536	0.0037
52.2633702	0.0036
52.29080504	0.0033
52.31823988	0.0042
52.34567472	0.0035
52.37310956	0.0032
52.4005444	0.0037
52.42797924	0.0033
52.45541408	0.0029
52.48284892	0.0038
52.51028376	0.0029
52.5377186	0.0044
52.56515344	0.0049
52.59258828	0.0046
52.62002312	0.0043
52.64745796	0.0029
52.6748928	0.0036
52.70232764	0.0043
52.72976248	0.0024
52.75719732	0.0033
52.78463216	0.0038
52.812067	0.0038
52.83950184	0.0027
52.86693668	0.0033
52.89437152	0.0041
52.92180636	0.0035
52.9492412	0.0032
52.97667604	0.0033
53.00411088	0.0037
53.03154572	0.0029
53.05898056	0.0039
53.0864154	0.0043
53.11385024	0.0031
53.14128508	0.0037
53.16871992	0.0045
53.19615476	0.0048
53.2235896	0.0029
53.25102444	0.0033
53.27845928	0.003
53.30589412	0.0028
53.33332896	0.0024
53.3607638	0.0029
53.38819864	0.0033
53.41563348	0.0027
53.44306832	0.0037
53.47050316	0.0047
53.497938	0.0034
53.52537284	0.003
53.55280768	0.0034
53.58024252	0.0032
53.60767736	0.0033
53.6351122	0.0036
53.66254704	0.0034
53.68998188	0.0033
53.71741672	0.0045
53.74485156	0.0032
53.7722864	0.0032
53.79972124	0.0031
53.82715608	0.002
53.85459092	0.0039
53.88202576	0.0032
53.9094606	0.0035
53.93689544	0.0029
53.96433028	0.0033
53.99176512	0.003
54.01919996	0.0027
54.0466348	0.0029
54.07406964	0.0027
54.10150448	0.0023
54.12893932	0.0021
54.15637416	0.0027
54.183809	0.0023
54.21124384	0.0034
54.23867868	0.0038
54.26611352	0.0032
54.29354836	0.0025
54.3209832	0.0019
54.34841804	0.003
54.37585288	0.0026
54.40328772	0.0024
54.43072256	0.0029
54.4581574	0.003
54.48559224	0.0033
54.51302708	0.0029
54.54046192	0.0021
54.56789676	0.0022
54.5953316	0.0032
54.62276644	0.0021
54.65020128	0.0029
54.67763612	0.0024
54.70507096	0.0025
54.7325058	0.0019
54.75994064	0.0024
54.78737548	0.0025
54.81481032	0.0027
54.84224516	0.0033
54.86968	0.0026
54.89711484	0.0024
54.92454968	0.002
54.95198452	0.0027
54.97941936	0.0034
55.0068542	0.0018
55.03428904	0.0022
55.06172388	0.0026
55.08915872	0.0018
55.11659356	0.0029
55.1440284	0.0037
55.17146324	0.0023
55.19889808	0.0023
55.22633292	0.0019
55.25376776	0.0018
55.2812026	0.0025
55.30863744	0.0025
55.33607228	0.0029
55.36350712	0.0021
55.39094196	0.0035
55.4183768	0.002
55.44581164	0.0022
55.47324648	0.0018
55.50068132	0.0022
55.52811616	0.0026
55.555551	0.0025
55.58298584	0.0029
55.61042068	0.0024
55.63785552	0.0015
55.66529036	0.0025
55.6927252	0.0023
55.72016004	0.0017
55.74759488	0.0022
55.77502972	0.0023
55.80246456	0.0024
55.8298994	0.0026
55.85733424	0.0023
55.88476908	0.0021
55.91220392	0.003
55.93963876	0.0017
55.9670736	0.0025
55.99450844	0.0019
56.02194328	0.0016
56.04937812	0.0018
56.07681296	0.0028
56.1042478	0.002
56.13168264	0.002
56.15911748	0.0018
56.18655232	0.0023
56.21398716	0.002
56.241422	0.0032
56.26885684	0.003
56.29629168	0.0022
56.32372652	0.002
56.35116136	0.0023
56.3785962	0.0026
56.40603104	0.0031
56.43346588	0.002
56.46090072	0.0026
56.48833556	0.0017
56.5157704	0.002
56.54320524	0.002
56.57064008	0.0022
56.59807492	0.0019
56.62550976	0.0019
56.6529446	0.0015
56.68037944	0.0018
56.70781428	0.0022
56.73524912	0.0027
56.76268396	0.0024
56.7901188	0.0024
56.81755364	0.0019
56.84498848	0.0015
56.87242332	0.0018
56.89985816	0.0022
56.927293	0.0025
56.95472784	0.0025
56.98216268	0.0025
57.00959752	0.0027
57.03703236	0.0028
57.0644672	0.002
57.09190204	0.002
57.11933688	0.0018
57.14677172	0.0017
57.17420656	0.0024
57.2016414	0.0024
57.22907624	0.002
57.25651108	0.0025
57.28394592	0.0021
57.31138076	0.0018
57.3388156	0.0023
57.36625044	0.0021
57.39368528	0.0013
57.42112012	0.0017
57.44855496	0.0018
57.4759898	0.0025
57.50342464	0.0012
57.53085948	0.0017
57.55829432	0.0017
57.58572916	0.0021
57.613164	0.0021
57.64059884	0.0015
57.66803368	0.0013
57.69546852	0.0009
57.72290336	0.0022
57.7503382	0.0028
57.77777304	0.0018
57.80520788	0.0025
57.83264272	0.0015
57.86007756	0.0017
57.8875124	0.0019
57.91494724	0.0027
57.94238208	0.0023
57.96981692	0.0013
57.99725176	0.0021
58.0246866	0.0025
58.05212144	0.002
58.07955628	0.0022
58.10699112	0.0014
58.13442596	0.0014
58.1618608	0.0018
58.18929564	0.0021
58.21673048	0.002
58.24416532	0.0019
58.27160016	0.0017
58.299035	0.002
58.32646984	0.002
58.35390468	0.002
58.38133952	0.0021
58.40877436	0.0015
58.4362092	0.0017
58.46364404	0.0022
58.49107888	0.0017
58.51851372	0.0027
58.54594856	0.0018
58.5733834	0.002
58.60081824	0.0019
58.62825308	0.0026
58.65568792	0.0022
58.68312276	0.0008
58.7105576	0.0015
58.73799244	0.0022
58.76542728	0.0021
58.79286212	0.0019
58.82029696	0.0011
58.8477318	0.002
58.87516664	0.002
58.90260148	0.0016
58.93003632	0.0018
58.95747116	0.0016
58.984906	0.0015
59.01234084	0.0008
59.03977568	0.0021
59.06721052	0.0015
59.09464536	0.0018
59.1220802	0.0023
59.14951504	0.0017
59.17694988	0.0011
59.20438472	0.0011
59.23181956	0.002
59.2592544	0.0015
59.28668924	0.0014
59.31412408	0.0016
59.34155892	0.0012
59.36899376	0.0017
59.3964286	0.0016
59.42386344	0.0012
59.45129828	0.0017
59.47873312	0.0008
59.50616796	0.0017
59.5336028	0.0017
59.56103764	0.0022
59.58847248	0.0014
59.61590732	0.001
59.64334216	0.0025
59.670777	0.0015
59.69821184	0.0013
59.72564668	0.0023
59.75308152	0.0019
59.78051636	0.0016
59.8079512	0.0013
59.83538604	0.0017
59.86282088	0.0011
59.89025572	0.0009
59.91769056	0.0012
59.9451254	0.0019
59.97256024	0.0023
59.99999508	0.0024
60.02742992	0.0014
60.05486476	0.0019
60.0822996	0.001
60.10973444	0.0011
60.13716928	0.0015
60.16460412	0.0023
60.19203896	0.0012
60.2194738	0.0021
60.24690864	0.0014
60.27434348	0.0019
60.30177832	0.0019
60.32921316	0.0017
60.356648	0.0017
60.38408284	0.0022
60.41151768	0.0014
60.43895252	0.0013
60.46638736	0.0016
60.4938222	0.0009
60.52125704	0.0018
60.54869188	0.0019
60.57612672	0.0012
60.60356156	0.0014
60.6309964	0.0013
60.65843124	0.0014
60.68586608	0.0016
60.71330092	0.0016
60.74073576	0.0014
60.7681706	0.0021
60.79560544	0.0015
60.82304028	0.0018
60.85047512	0.0006
60.87790996	0.002
60.9053448	0.001
60.93277964	0.0011
60.96021448	0.0016
60.98764932	0.0014
61.01508416	0.001
61.042519	0.0011
61.06995384	0.0009
61.09738868	0.0013
61.12482352	0.0015
61.15225836	0.0016
61.1796932	0.002
61.20712804	0.0014
61.23456288	0.0018
61.26199772	0.0015
61.28943256	0.001
61.3168674	0.0015
61.34430224	0.0012
61.37173708	0.0013
61.39917192	0.0012
61.42660676	0.0014
61.4540416	0.0012
61.48147644	0.0013
61.50891128	0.0014
61.53634612	0.0013
61.56378096	0.0014
61.5912158	0.0015
61.61865064	0.0011
61.64608548	0.0016
61.67352032	0.0019
61.70095516	0.0017
61.72839	0.0019
61.75582484	0.0021
61.78325968	0.0012
61.81069452	0.0011
61.83812936	0.0012
61.8655642	0.0009
61.89299904	0.0018
61.92043388	0.001
61.94786872	0.0014
61.97530356	0.0014
62.0027384	0.0019
62.03017324	0.0015
62.05760808	0.0018
62.08504292	0.0018
62.11247776	0.0014
62.1399126	0.0013
62.16734744	0.0021
62.19478228	0.001
62.22221712	0.001
62.24965196	0.002
62.2770868	0.0014
62.30452164	0.0009
62.33195648	0.0012
62.35939132	0.0014
62.38682616	0.0018
62.414261	0.0017
62.44169584	0.0016
62.46913068	0.0012
62.49656552	0.0018
62.52400036	0.0018
62.5514352	0.0012
62.57887004	0.0021
62.60630488	0.0011
62.63373972	0.0011
62.66117456	0.0015
62.6886094	0.0009
62.71604424	0.0014
62.74347908	0.0014
62.77091392	0.0008
62.79834876	0.0014
62.8257836	0.0018
62.85321844	0.0017
62.88065328	0.0014
62.90808812	0.0014
62.93552296	0.0017
62.9629578	0.0012
62.99039264	0.0014
63.01782748	0.0019
63.04526232	0.0016
63.07269716	0.0018
63.100132	0.0017
63.12756684	0.002
63.15500168	0.0005
63.18243652	0.0005
63.20987136	0.0015
63.2373062	0.0015
63.26474104	0.0011
63.29217588	0.0008
63.31961072	0.0017
63.34704556	0.0009
63.3744804	0.001
63.40191524	0.0019
63.42935008	0.0007
63.45678492	0.0011
63.48421976	0.001
63.5116546	0.001
63.53908944	0.001
63.56652428	0.0014
63.59395912	0.0012
63.62139396	0.0014
63.6488288	0.0011
63.67626364	0.0009
63.70369848	0.0008
63.73113332	0.0008
63.75856816	0.0015
63.786003	0.0007
63.81343784	0.001
63.84087268	0.0012
63.86830752	0.0006
63.89574236	0.001
63.9231772	0.0013
63.95061204	0.0015
63.97804688	0.0011
64.00548172	0.0011
64.03291656	0.0017
64.0603514	0.001
64.08778624	0.0015
64.11522108	0.001
64.14265592	0.0015
64.17009076	0.0012
64.1975256	0.0016
64.22496044	0.001
64.25239528	0.0012
64.27983012	0.0014
64.30726496	0.0019
64.3346998	0.0018
64.36213464	0.0015
64.38956948	0.0014
64.41700432	0.0014
64.44443916	0.0008
64.471874	0.0014
64.49930884	0.0012
64.52674368	0.0011
64.55417852	0.0006
64.58161336	0.0013
64.6090482	0.0009
64.63648304	0.0009
64.66391788	0.0013
64.69135272	0.0012
64.71878756	0.0011
64.7462224	0.0007
64.77365724	0.0013
64.80109208	0.0016
64.82852692	0.0009
64.85596176	0.0019
64.8833966	0.0014
64.91083144	0.0014
64.93826628	0.001
64.96570112	0.001
64.99313596	0.001
65.0205708	0.001
65.04800564	0.0015
65.07544048	0.0015
65.10287532	0.0009
65.13031016	0.0013
65.157745	0.001
65.18517984	0.0014
65.21261468	0.0013
65.24004952	0.001
65.26748436	0.0004
65.2949192	0.0011
65.32235404	0.0011
65.34978888	0.0013
65.37722372	0.0014
65.40465856	0.0005
65.4320934	0.001
65.45952824	0.0014
65.48696308	0.0009
65.51439792	0.0017
65.54183276	0.0016
65.5692676	0.0008
65.59670244	0.001
65.62413728	0.001
65.65157212	0.0008
65.67900696	0.0015
65.7064418	0.0006
65.73387664	0.0016
65.76131148	0.0013
65.78874632	0.0011
65.81618116	0.0012
65.843616	0.0012
65.87105084	0.0012
65.89848568	0.0017
65.92592052	0.001
65.95335536	0.001
65.9807902	0.0015
66.00822504	0.0009
66.03565988	0.001
66.06309472	0.0014
66.09052956	0.001
66.1179644	0.0012
66.14539924	0.0014
66.17283408	0.0006
66.20026892	0.0006
66.22770376	0.0009
66.2551386	0.0014
66.28257344	0.0015
66.31000828	0.0015
66.33744312	0.0013
66.36487796	0.0009
66.3923128	0.0013
66.41974764	0.0014
66.44718248	0.0004
66.47461732	0.0008
66.50205216	0.0006
66.529487	0.0012
66.55692184	0.0006
66.58435668	0.0015
66.61179152	0.0014
66.63922636	0.0005
66.6666612	0.001
66.69409604	0.0013
66.72153088	0.0005
66.74896572	0.0013
66.77640056	0.0015
66.8038354	0.0005
66.83127024	0.0011
66.85870508	0.0011
66.88613992	0.0017
66.91357476	0.0008
66.9410096	0.0012
66.96844444	0.001
66.99587928	0.0006
67.02331412	0.0011
67.05074896	0.0008
67.0781838	0.0014
67.10561864	0.0011
67.13305348	0.0013
67.16048832	0.0011
67.18792316	0.0018
67.215358	0.0011
67.24279284	0.0009
67.27022768	0.0019
67.29766252	0.001
67.32509736	0.0015
67.3525322	0.0008
67.37996704	0.0009
67.40740188	0.0012
67.43483672	0.0014
67.46227156	0.0014
67.4897064	0.0012
67.51714124	0.0011
67.54457608	0.001
67.57201092	0.001
67.59944576	0.0014
67.6268806	0.0005
67.65431544	0.0011
67.68175028	0.0007
67.70918512	0.0013
67.73661996	0.0008
67.7640548	0.0011
67.79148964	0.0012
67.81892448	0.0006
67.84635932	0.0011
67.87379416	0.0015
67.901229	0.0011
67.92866384	0.0011
67.95609868	0.0011
67.98353352	0.0013
68.01096836	0.0009
68.0384032	0.0014
68.06583804	0.0009
68.09327288	0.0006
68.12070772	0.0009
68.14814256	0.0014
68.1755774	0.001
68.20301224	0.0009
68.23044708	0.001
68.25788192	0.0008
68.28531676	0.001
68.3127516	0.0011
68.34018644	0.0008
68.36762128	0.0014
68.39505612	0.0016
68.42249096	0.0014
68.4499258	0.0015
68.47736064	0.0014
68.50479548	0.0006
68.53223032	0.0009
68.55966516	0.001
68.5871	0.0013
68.61453484	0.0012
68.64196968	0.0008
68.66940452	0.0005
68.69683936	0.0008
68.7242742	0.0011
68.75170904	0.0013
68.77914388	0.0006
68.80657872	0.0015
68.83401356	0.0008
68.8614484	0.0011
68.88888324	0.0008
68.91631808	0.0011
68.94375292	0.0012
68.97118776	0.0009
68.9986226	0.0012
69.02605744	0.0006
69.05349228	0.001
69.08092712	0.0013
69.10836196	0.0009
69.1357968	0.0008
69.16323164	0.0013
69.19066648	0.0006
69.21810132	0.0011
69.24553616	0.0012
69.272971	0.0012
69.30040584	0.0004
69.32784068	0.0008
69.35527552	0.0009
69.38271036	0.0008
69.4101452	0.0009
69.43758004	0.001
69.46501488	0.001
69.49244972	0.0008
69.51988456	0.001
69.5473194	0.0007
69.57475424	0.0018
69.60218908	0.0013
69.62962392	0.001
69.65705876	0.001
69.6844936	0.001
69.71192844	0.0006
69.73936328	0.0011
69.76679812	0.0016
69.79423296	0.001
69.8216678	0.0012
69.84910264	0.0005
69.87653748	0.0005
69.90397232	0.0018
69.93140716	0.0007
69.958842	0.0007
69.98627684	0.0009
70.01371168	0.0015
70.04114652	0.0011
70.06858136	0.0009
70.0960162	0.0013
70.12345104	0.0011
70.15088588	0.001
70.17832072	0.0009
70.20575556	0.001
70.2331904	0.0009
70.26062524	0.0013
70.28806008	0.0011
70.31549492	0.0009
70.34292976	0.0002
70.3703646	0.0006
70.39779944	0.001
70.42523428	0.0003
70.45266912	0.0002
70.48010396	0.001
70.5075388	0.001
70.53497364	0.0019
70.56240848	0.0012
70.58984332	0.0011
70.61727816	0.0008
70.644713	0.0011
70.67214784	0.0009
70.69958268	0.0018
70.72701752	0.0006
70.75445236	0.0006
70.7818872	0.0007
70.80932204	0.0012
70.83675688	0.0008
70.86419172	0.0014
70.89162656	0.0013
70.9190614	0.0009
70.94649624	0.0007
70.97393108	0.0007
71.00136592	0.0008
71.02880076	0.0008
71.0562356	0.0009
71.08367044	0.001
71.11110528	0.0003
71.13854012	0.0007
71.16597496	0.0008
71.1934098	0.001
71.22084464	0.0014
71.24827948	0.001
71.27571432	0.0014
71.30314916	0.0011
71.330584	0.0008
71.35801884	0.0012
71.38545368	0.001
71.41288852	0.0007
71.44032336	0.0012
71.4677582	0.0007
71.49519304	0.0009
71.52262788	0.0008
71.55006272	0.0005
71.57749756	0.0003
71.6049324	0.0011
71.63236724	0.0007
71.65980208	0.0012
71.68723692	0.0012
71.71467176	0.0005
71.7421066	0.0016
71.76954144	0.0005
71.79697628	0.0008
71.82441112	0.0009
71.85184596	0.0006
71.8792808	0.0013
71.90671564	0.0006
71.93415048	0.0006
71.96158532	0.0009
71.98902016	0.0011
72.016455	0.001
72.04388984	0.0013
72.07132468	0.001
72.09875952	0.0009
72.12619436	0.001
72.1536292	0.0013
72.18106404	0.0005
72.20849888	0.0006
72.23593372	0.0011
72.26336856	0.0003
72.2908034	0.0009
72.31823824	0.0014
72.34567308	0.0008
72.37310792	0.0013
72.40054276	0.0011
72.4279776	0.0006
72.45541244	0.0007
72.48284728	0.0007
72.51028212	0.0006
72.53771696	0.0002
72.5651518	0.0008
72.59258664	0.0007
72.62002148	0.0011
72.64745632	0.0007
72.67489116	0.0012
72.702326	0.0009
72.72976084	0.0006
72.75719568	0.0011
72.78463052	0.0011
72.81206536	0.0008
72.8395002	0.0003
72.86693504	0.0009
72.89436988	0.0009
72.92180472	0.0011
72.94923956	0.0008
72.9766744	0.0016
73.00410924	0.0008
73.03154408	0.0009
73.05897892	0.0013
73.08641376	0.0011
73.1138486	0.0011
73.14128344	0.0012
73.16871828	0.0013
73.19615312	0.0008
73.22358796	0.0011
73.2510228	0.0004
73.27845764	0.0008
73.30589248	0.0011
73.33332732	0.0008
73.36076216	0.001
73.388197	0.0007
73.41563184	0.0009
73.44306668	0.0011
73.47050152	0.0011
73.49793636	0.001
73.5253712	0.0008
73.55280604	0.0009
73.58024088	0.0005
73.60767572	0.0006
73.63511056	0.0011
73.6625454	0.0008
73.68998024	0.0013
73.71741508	0.0008
73.74484992	0.0008
73.77228476	0.001
73.7997196	0.001
73.82715444	0.001
73.85458928	0.0014
73.88202412	0.0005
73.90945896	0.0009
73.9368938	0.001
73.96432864	0.0009
73.99176348	0.0011
74.01919832	0.0006
74.04663316	0.001
74.074068	0.0013
74.10150284	0.0011
74.12893768	0.0012
74.15637252	0.0009
74.18380736	0.0012
74.2112422	0.0009
74.23867704	0.001
74.26611188	0.0007
74.29354672	0.0007
74.32098156	0.001
74.3484164	0.0011
74.37585124	0.0003
74.40328608	0.0007
74.43072092	0.001
74.45815576	0.0009
74.4855906	0.0003
74.51302544	0.001
74.54046028	0.0014
74.56789512	0.0011
74.59532996	0.0012
74.6227648	0.0009
74.65019964	0.0013
74.67763448	0.0009
74.70506932	0.001
74.73250416	0.0011
74.759939	0.0012
74.78737384	0.0009
74.81480868	0.0011
74.84224352	0.0018
74.86967836	0.0012
74.8971132	0.0006
74.92454804	0.0013
74.95198288	0.001
74.97941772	0.001
75.00685256	0.0008
75.0342874	0.0005
75.06172224	0.0016
75.08915708	0.0008
75.11659192	0.0014
75.14402676	0.0013
75.1714616	0.0008
75.19889644	0.0008
75.22633128	0.0019
75.25376612	0.0009
75.28120096	0.0004
75.3086358	0.0005
75.33607064	0.0006
75.36350548	0.0005
75.39094032	0.0013
75.41837516	0.0011
75.44581	0.0009
75.47324484	0.0004
75.50067968	0.0007
75.52811452	0.0011
75.55554936	0.0005
75.5829842	0.0004
75.61041904	0.0008
75.63785388	0.0009
75.66528872	0.0005
75.69272356	0.0005
75.7201584	0.001
75.74759324	0.0004
75.77502808	0.0004
75.80246292	0.0005
75.82989776	0.0009
75.8573326	0.0008
75.88476744	0.0007
75.91220228	0.001
75.93963712	0.0014
75.96707196	0.0005
75.9945068	0.0003
76.02194164	0.0008
76.04937648	0.0008
76.07681132	0.001
76.10424616	0.0005
76.131681	0.0013
76.15911584	0.0009
76.18655068	0.0006
76.21398552	0.0014
76.24142036	0.0008
76.2688552	0.0012
76.29629004	0.0008
76.32372488	0.0008
76.35115972	0.0007
76.37859456	0.001
76.4060294	0.0005
76.43346424	0.0007
76.46089908	0.0008
76.48833392	0.0007
76.51576876	0.0009
76.5432036	0.0006
76.57063844	0.0009
76.59807328	0.0006
76.62550812	0.0009
76.65294296	0.0009
76.6803778	0.0009
76.70781264	0.001
76.73524748	0.001
76.76268232	0.0006
76.79011716	0.0008
76.817552	0.0007
76.84498684	0.0008
76.87242168	0.0009
76.89985652	0.001
76.92729136	0.001
76.9547262	0.0004
76.98216104	0.0008
77.00959588	0.0006
77.03703072	0.0009
77.06446556	0.0006
77.0919004	0.0006
77.11933524	0.0012
77.14677008	0.0011
77.17420492	0.0011
77.20163976	0.0007
77.2290746	0.0002
77.25650944	0.0004
77.28394428	0.0014
77.31137912	0.0008
77.33881396	0.001
77.3662488	0.0015
77.39368364	0.0005
77.42111848	0.0006
77.44855332	0.0008
77.47598816	0.0007
77.503423	0.0011
77.53085784	0.0015
77.55829268	0.0006
77.58572752	0.0005
77.61316236	0.0013
77.6405972	0.0008
77.66803204	0.0012
77.69546688	0.0009
77.72290172	0.0006
77.75033656	0.0005
77.7777714	0.0005
77.80520624	0.0007
77.83264108	0.0004
77.86007592	0.0009
77.88751076	0.0008
77.9149456	0.0008
77.94238044	0.0006
77.96981528	0.0008
77.99725012	0.0008
78.02468496	0.0013
78.0521198	0.0008
78.07955464	0.001
78.10698948	0.0018
78.13442432	0.0005
78.16185916	0.0008
78.189294	0.0007
78.21672884	0.0008
78.24416368	0.0015
78.27159852	0.0011
78.29903336	0.0007
78.3264682	0.0003
78.35390304	0.0009
78.38133788	0.0009
78.40877272	0.0013
78.43620756	0.0007
78.4636424	0.0006
78.49107724	0.0008
78.51851208	0.0008
78.54594692	0.0005
78.57338176	0.0008
78.6008166	0.0006
78.62825144	0.0004
78.65568628	0.0006
78.68312112	0.0012
78.71055596	0.0008
78.7379908	0.0005
78.76542564	0.0006
78.79286048	0.0007
78.82029532	0.0012
78.84773016	0.0007
78.875165	0.0007
78.90259984	0.001
78.93003468	0.0011
78.95746952	0.0006
78.98490436	0.0007
79.0123392	0.0007
79.03977404	0.0018
79.06720888	0.0007
79.09464372	0.001
79.12207856	0.0008
79.1495134	0.0009
79.17694824	0.001
79.20438308	0.0006
79.23181792	0.0013
79.25925276	0.0009
79.2866876	0.0007
79.31412244	0.0004
79.34155728	0.0007
79.36899212	0.0011
79.39642696	0.0006
79.4238618	0.0008
79.45129664	0.0011
79.47873148	0.0005
79.50616632	0.0004
79.53360116	0.0007
79.561036	0.0002
79.58847084	0.0008
79.61590568	0.0007
79.64334052	0.001
79.67077536	0.0012
79.6982102	0.0007
79.72564504	0.0006
79.75307988	0.0014
79.78051472	0.0012
79.80794956	0.0005
79.8353844	0.0012
79.86281924	0.0009
79.89025408	0.0009
79.91768892	0.0006
79.94512376	0.0007
79.9725586	0.0006
79.99999344	0.0013
80.02742828	0.0005
80.05486312	0.0013
80.08229796	0.0009
80.1097328	0.0007
80.13716764	0.0006
80.16460248	0.0003
80.19203732	0.0009
80.21947216	0.0005
80.246907	0.0015
80.27434184	0.0005
80.30177668	0.0007
80.32921152	0.0012
80.35664636	0.0004
80.3840812	0.0007
80.41151604	0.001
80.43895088	0.0007
80.46638572	0.0011
80.49382056	0.0011
80.5212554	0.001
80.54869024	0.0003
80.57612508	0.0002
80.60355992	0.0006
80.63099476	0.0005
80.6584296	0.0006
80.68586444	0.0008
80.71329928	0.0009
80.74073412	0.0007
80.76816896	0.0007
80.7956038	0.0009
80.82303864	0.0004
80.85047348	0.0007
80.87790832	0.0008
80.90534316	0.0011
80.932778	0.0007
80.96021284	0.0005
80.98764768	0.0008
81.01508252	0.0007
81.04251736	0.001
81.0699522	0.0006
81.09738704	0.0008
81.12482188	0.0009
81.15225672	0.0003
81.17969156	0.0002
81.2071264	0.001
81.23456124	0.0008
81.26199608	0.0006
81.28943092	0.0004
81.31686576	0.0014
81.3443006	0.0007
81.37173544	0.001
81.39917028	0.0006
81.42660512	0.0007
81.45403996	0.0007
81.4814748	0.0006
81.50890964	0.0006
81.53634448	0.0006
81.56377932	0.0004
81.59121416	0.0011
81.618649	0.0008
81.64608384	0.001
81.67351868	0.0007
81.70095352	0.0016
81.72838836	0.0008
81.7558232	0.0011
81.78325804	0.0006
81.81069288	0.0006
81.83812772	0.0008
81.86556256	0.001
81.8929974	0.0007
81.92043224	0.0007
81.94786708	0.0008
81.97530192	0.0004
82.00273676	0.0012
82.0301716	0.0013
82.05760644	0.0005
82.08504128	0.0004
82.11247612	0.0004
82.13991096	0.0006
82.1673458	0.0011
82.19478064	0.0007
82.22221548	0.001
82.24965032	0.0006
82.27708516	0.0014
82.30452	0.0004
82.33195484	0.0005
82.35938968	0.0005
82.38682452	0.0008
82.41425936	0.0007
82.4416942	0.0012
82.46912904	0.0009
82.49656388	0.0007
82.52399872	0.0004
82.55143356	0.0008
82.5788684	0.0002
82.60630324	0.0007
82.63373808	0.0005
82.66117292	0.0009
82.68860776	0.0005
82.7160426	0.0007
82.74347744	0.0012
82.77091228	0.001
82.79834712	0.0007
82.82578196	0.0005
82.8532168	0.0005
82.88065164	0.0007
82.90808648	0.0005
82.93552132	0.001
82.96295616	0.001
82.990391	0.0011
83.01782584	0.0007
83.04526068	0.0007
83.07269552	0.0006
83.10013036	0.0007
83.1275652	0.0007
83.15500004	0.0005
83.18243488	0.001
83.20986972	0.0008
83.23730456	0.001
83.2647394	0.0013
83.29217424	0.0005
83.31960908	0.0006
83.34704392	0.0006
83.37447876	0.0005
83.4019136	0.0013
83.42934844	0.0013
83.45678328	0.0008
83.48421812	0.0004
83.51165296	0.0006
83.5390878	0.0008
83.56652264	0.0005
83.59395748	0.0013
83.62139232	0.0004
83.64882716	0.0006
83.676262	0.0012
83.70369684	0.0008
83.73113168	0.0005
83.75856652	0.0009
83.78600136	0.0009
83.8134362	0.0006
83.84087104	0.0007
83.86830588	0.0008
83.89574072	0.0004
83.92317556	0.0008
83.9506104	0.0008
83.97804524	0.0007
84.00548008	0.0003
84.03291492	0.0011
84.06034976	0.0014
84.0877846	0.0005
84.11521944	0.0009
84.14265428	0.0002
84.17008912	0.0008
84.19752396	0.0007
84.2249588	0.0007
84.25239364	0.0015
84.27982848	0.0013
84.30726332	0.0007
84.33469816	0.0003
84.362133	0.0017
84.38956784	0.0009
84.41700268	0.0008
84.44443752	0.0007
84.47187236	0.0005
84.4993072	0.001
84.52674204	0.0006
84.55417688	0.0007
84.58161172	0.0006
84.60904656	0.0012
84.6364814	0.0008
84.66391624	0.0009
84.69135108	0.0009
84.71878592	0.0013
84.74622076	0.001
84.7736556	0.0008
84.80109044	0.0007
84.82852528	0.0006
84.85596012	0.0006
84.88339496	0.0009
84.9108298	0.0012
84.93826464	0.001
84.96569948	0.0008
84.99313432	0.0007
85.02056916	0.0005
85.048004	0.0009
85.07543884	0.0007
85.10287368	0.0008
85.13030852	0.0005
85.15774336	0.0006
85.1851782	0.0005
85.21261304	0.0006
85.24004788	0.0011
85.26748272	0.0009
85.29491756	0.0011
85.3223524	0.001
85.34978724	0.0013
85.37722208	0.0007
85.40465692	0.0009
85.43209176	0.0006
85.4595266	0.0006
85.48696144	0.001
85.51439628	0.0009
85.54183112	0.0012
85.56926596	0.0007
85.5967008	0.0013
85.62413564	0.0008
85.65157048	0.0009
85.67900532	0.0005
85.70644016	0.0009
85.733875	0.0008
85.76130984	0.0007
85.78874468	0.0003
85.81617952	0.0009
85.84361436	0.0009
85.8710492	0.0007
85.89848404	0.0008
85.92591888	0.001
85.95335372	0.0008
85.98078856	0.0006
86.0082234	0.0008
86.03565824	0.0006
86.06309308	0.0008
86.09052792	0.0011
86.11796276	0.0009
86.1453976	0.0007
86.17283244	0.001
86.20026728	0.0007
86.22770212	0.0007
86.25513696	0.0016
86.2825718	0.0007
86.31000664	0.0011
86.33744148	0.0003
86.36487632	0.0014
86.39231116	0.0007
86.419746	0.0005
86.44718084	0.0013
86.47461568	0.0005
86.50205052	0.0006
86.52948536	0.0008
86.5569202	0.0005
86.58435504	0.0007
86.61178988	0.0007
86.63922472	0.0008
86.66665956	0.0011
86.6940944	0.0008
86.72152924	0.0005
86.74896408	0.0005
86.77639892	0.0009
86.80383376	0.0009
86.8312686	0.0012
86.85870344	0.0012
86.88613828	0.0016
86.91357312	0.0009
86.94100796	0.001
86.9684428	0.0005
86.99587764	0.0002
87.02331248	0.0006
87.05074732	0.0009
87.07818216	0.001
87.105617	0.0009
87.13305184	0.0005
87.16048668	0.0007
87.18792152	0.0004
87.21535636	0.0006
87.2427912	0.0009
87.27022604	0.0008
87.29766088	0.0005
87.32509572	0.0004
87.35253056	0.0008
87.3799654	0.0008
87.40740024	0.0008
87.43483508	0.0005
87.46226992	0.001
87.48970476	0.0007
87.5171396	0.001
87.54457444	0.0007
87.57200928	0.0002
87.59944412	0.0007
87.62687896	0.0007
87.6543138	0.0008
87.68174864	0.0005
87.70918348	0.0008
87.73661832	0.0004
87.76405316	0.001
87.791488	0.0008
87.81892284	0.0003
87.84635768	0.0005
87.87379252	0.0008
87.90122736	0.001
87.9286622	0.0007
87.95609704	0.0006
87.98353188	0.001
88.01096672	0.0003
88.03840156	0.0008
88.0658364	0.0008
88.09327124	0.0012
88.12070608	0.0012
88.14814092	0.0009
88.17557576	0.001
88.2030106	0.0007
88.23044544	0.0005
88.25788028	0.0003
88.28531512	0.0007
88.31274996	0.0011
88.3401848	0.0005
88.36761964	0.0003
88.39505448	0.0007
88.42248932	0.0008
88.44992416	0.0002
88.477359	0.0009
88.50479384	0.0011
88.53222868	0.0006
88.55966352	0.0003
88.58709836	0.0005
88.6145332	0.0007
88.64196804	0.0002
88.66940288	0.0008
88.69683772	0.0008
88.72427256	0.0007
88.7517074	0.0013
88.77914224	0.0013
88.80657708	0.0005
88.83401192	0.0011
88.86144676	0.0006
88.8888816	0.001
88.91631644	0.0008
88.94375128	0.0011
88.97118612	0.0004
88.99862096	0.0006
89.0260558	0.0006
89.05349064	0.0006
89.08092548	0.0007
89.10836032	0.001
89.13579516	0.0007
89.16323	0.0006
89.19066484	0.0005
89.21809968	0.0008
89.24553452	0.0004
89.27296936	0.0007
89.3004042	0.0002
89.32783904	0.0005
89.35527388	0.0009
89.38270872	0.0014
89.41014356	0.0007
89.4375784	0.0003
89.46501324	0.0006
89.49244808	0.0011
89.51988292	0.0009
89.54731776	0.0002
89.5747526	0.0005
89.60218744	0.001
89.62962228	0.0012
89.65705712	0.0005
89.68449196	0.0002
89.7119268	0.0008
89.73936164	0.0002
89.76679648	0.0007
89.79423132	0.0008
89.82166616	0.0007
89.849101	0.0006
89.87653584	0.0007
89.90397068	0.0007
89.93140552	0.0004
89.95884036	0.0006
89.9862752	0.0005
90.01371004	0.0007
90.04114488	0.0006
90.06857972	0.0013
90.09601456	0.0007
90.1234494	0.0006
90.15088424	0.0005
90.17831908	0.0003
90.20575392	0.0007
90.23318876	0.0008
90.2606236	0.0005
90.28805844	0.0007
90.31549328	0.0012
90.34292812	0.0007
90.37036296	0.0007
90.3977978	0.0008
90.42523264	0.0006
90.45266748	0.0003
90.48010232	0.001
90.50753716	0.001
90.534972	0.0007
90.56240684	0.0003
90.58984168	0.0006
90.61727652	0.0007
90.64471136	0.0007
90.6721462	0.0007
90.69958104	0.0005
90.72701588	0.0005
90.75445072	0.0006
90.78188556	0.0006
90.8093204	0.0009
90.83675524	0.0009
90.86419008	0.0007
90.89162492	0.001
90.91905976	0.0012
90.9464946	0.0007
90.97392944	0.0003
91.00136428	0.0011
91.02879912	0.0004
91.05623396	0.0007
91.0836688	0.0008
91.11110364	0.0007
91.13853848	0.0007
91.16597332	0.0007
91.19340816	0.0004
91.220843	0.0009
91.24827784	0.0006
91.27571268	0.0005
91.30314752	0.0005
91.33058236	0.0007
91.3580172	0.0007
91.38545204	0.0011
91.41288688	0.001
91.44032172	0.0003
91.46775656	0.0005
91.4951914	0.0002
91.52262624	0.0004
91.55006108	0.0005
91.57749592	0.001
91.60493076	0.0011
91.6323656	0.0005
91.65980044	0.0006
91.68723528	0.0006
91.71467012	0.0009
91.74210496	0.0009
91.7695398	0.0007
91.79697464	0.0007
91.82440948	0.0011
91.85184432	0.0008
91.87927916	0.0006
91.906714	0.0006
91.93414884	0.0008
91.96158368	0.0012
91.98901852	0.0007
92.01645336	0.0004
92.0438882	0.0007
92.07132304	0.0009
92.09875788	0.0008
92.12619272	0.0006
92.15362756	0.0011
92.1810624	0.0004
92.20849724	0.0004
92.23593208	0.0005
92.26336692	0.0001
92.29080176	0.0004
92.3182366	0.0008
92.34567144	0.0008
92.37310628	0.0006
92.40054112	0.001
92.42797596	0.0008
92.4554108	0.0011
92.48284564	0.001
92.51028048	0.0007
92.53771532	0.0003
92.56515016	0.0003
92.592585	0.0
92.62001984	0.0006
92.64745468	0.0008
92.67488952	0.0005
92.70232436	0.0008
92.7297592	0.0009
92.75719404	0.001
92.78462888	0.0009
92.81206372	0.0005
92.83949856	0.0007
92.8669334	0.0004
92.89436824	0.0004
92.92180308	0.0004
92.94923792	0.0009
92.97667276	0.0009
93.0041076	0.0011
93.03154244	0.001
93.05897728	0.0009
93.08641212	0.0002
93.11384696	0.0011
93.1412818	0.0006
93.16871664	0.0006
93.19615148	0.0009
93.22358632	0.0008
93.25102116	0.0013
93.278456	0.0008
93.30589084	0.0002
93.33332568	0.0007
93.36076052	0.0002
93.38819536	0.0005
93.4156302	0.0008
93.44306504	0.0004
93.47049988	0.0009
93.49793472	0.001
93.52536956	0.0011
93.5528044	0.0011
93.58023924	0.0004
93.60767408	0.0008
93.63510892	0.0005
93.66254376	0.0005
93.6899786	0.0008
93.71741344	0.0007
93.74484828	0.0013
93.77228312	0.0004
93.79971796	0.0008
93.8271528	0.0008
93.85458764	0.0012
93.88202248	0.0006
93.90945732	0.0003
93.93689216	0.0003
93.964327	0.0006
93.99176184	0.0007
94.01919668	0.0007
94.04663152	0.001
94.07406636	0.0016
94.1015012	0.0005
94.12893604	0.0006
94.15637088	0.0007
94.18380572	0.0004
94.21124056	0.0008
94.2386754	0.0007
94.26611024	0.0007
94.29354508	0.0009
94.32097992	0.0005
94.34841476	0.0004
94.3758496	0.0003
94.40328444	0.0009
94.43071928	0.0006
94.45815412	0.0006
94.48558896	0.0003
94.5130238	0.0007
94.54045864	0.0009
94.56789348	0.0006
94.59532832	0.0004
94.62276316	0.0004
94.650198	0.0007
94.67763284	0.0001
94.70506768	0.0005
94.73250252	0.0007
94.75993736	0.0005
94.7873722	0.001
94.81480704	0.0009
94.84224188	0.0007
94.86967672	0.0009
94.89711156	0.0007
94.9245464	0.001
94.95198124	0.0009
94.97941608	0.0007
95.00685092	0.001
95.03428576	0.0003
95.0617206	0.0004
95.08915544	0.0008
95.11659028	0.0002
95.14402512	0.0006
95.17145996	0.0006
95.1988948	0.0007
95.22632964	0.0007
95.25376448	0.0007
95.28119932	0.0007
95.30863416	0.0007
95.336069	0.0004
95.36350384	0.0008
95.39093868	0.0002
95.41837352	0.0011
95.44580836	0.0007
95.4732432	0.0004
95.50067804	0.0003
95.52811288	0.0011
95.55554772	0.0007
95.58298256	0.0009
95.6104174	0.0006
95.63785224	0.0006
95.66528708	0.0008
95.69272192	0.0012
95.72015676	0.0005
95.7475916	0.0006
95.77502644	0.0007
95.80246128	0.0008
95.82989612	0.0003
95.85733096	0.0001
95.8847658	0.0005
95.91220064	0.0006
95.93963548	0.0008
95.96707032	0.0006
95.99450516	0.0006
96.02194	0.0008
96.04937484	0.0003
96.07680968	0.0002
96.10424452	0.0005
96.13167936	0.0012
96.1591142	0.001
96.18654904	0.0007
96.21398388	0.0005
96.24141872	0.001
96.26885356	0.0007
96.2962884	0.001
96.32372324	0.0006
96.35115808	0.0004
96.37859292	0.0007
96.40602776	0.0007
96.4334626	0.0006
96.46089744	0.0007
96.48833228	0.0006
96.51576712	0.0005
96.54320196	0.0004
96.5706368	0.001
96.59807164	0.0003
96.62550648	0.0004
96.65294132	0.0006
96.68037616	0.0008
96.707811	0.0003
96.73524584	0.0006
96.76268068	0.0008
96.79011552	0.0003
96.81755036	0.0008
96.8449852	0.0003
96.87242004	0.0012
96.89985488	0.0007
96.92728972	0.0003
96.95472456	0.0008
96.9821594	0.0006
97.00959424	0.0002
97.03702908	0.0008
97.06446392	0.0009
97.09189876	0.0004
97.1193336	0.0005
97.14676844	0.0008
97.17420328	0.0008
97.20163812	0.0003
97.22907296	0.0007
97.2565078	0.0007
97.28394264	0.0007
97.31137748	0.0006
97.33881232	0.0005
97.36624716	0.0007
97.393682	0.0006
97.42111684	0.0004
97.44855168	0.0003
97.47598652	0.0006
97.50342136	0.0004
97.5308562	0.0005
97.55829104	0.0006
97.58572588	0.0007
97.61316072	0.0005
97.64059556	0.0005
97.6680304	0.0002
97.69546524	0.0009
97.72290008	0.0006
97.75033492	0.0005
97.77776976	0.0005
97.8052046	0.0008
97.83263944	0.0005
97.86007428	0.0004
97.88750912	0.0006
97.91494396	0.0006
97.9423788	0.0004
97.96981364	0.0003
97.99724848	0.0004
98.02468332	0.0008
98.05211816	0.0002
98.079553	0.0008
98.10698784	0.0004
98.13442268	0.0008
98.16185752	0.001
98.18929236	0.0003
98.2167272	0.0004
98.24416204	0.0001
98.27159688	0.0002
98.29903172	0.0003
98.32646656	0.0006
98.3539014	0.0007
98.38133624	0.001
98.40877108	0.0007
98.43620592	0.0005
98.46364076	0.0003
98.4910756	0.0007
98.51851044	0.0005
98.54594528	0.0005
98.57338012	0.0003
98.60081496	0.0005
98.6282498	0.0004
98.65568464	0.0007
98.68311948	0.0005
98.71055432	0.0008
98.73798916	0.0002
98.765424	0.0004
98.79285884	0.0008
98.82029368	0.0002
98.84772852	0.0007
98.87516336	0.0008
98.9025982	0.0005
98.93003304	0.0003
98.95746788	0.0003
98.98490272	0.0003
99.01233756	0.0004
99.0397724	0.0003
99.06720724	0.0002
99.09464208	0.0004
99.12207692	0.0003
99.14951176	0.0006
99.1769466	0.0007
99.20438144	0.0004
99.23181628	0.0004
99.25925112	0.0005
99.28668596	0.0004
99.3141208	0.0008
99.34155564	0.0005
99.36899048	0.0007
99.39642532	0.0001
99.42386016	0.0003
99.451295	0.0004
99.47872984	0.0008
99.50616468	0.0002
99.53359952	0.0
99.56103436	0.0005
99.5884692	0.0008
99.61590404	0.0003
99.64333888	0.0006
99.67077372	0.0004
99.69820856	0.0003
99.7256434	0.0007
99.75307824	0.0003
99.78051308	0.0006
99.80794792	0.0003
99.83538276	0.0005
99.8628176	0.0002
99.89025244	0.0003
99.91768728	0.0002
99.94512212	0.0011
99.97255696	0.0005
99.9999918	0.0005
100.02742664	0.0006
100.05486148	0.0006
100.08229632	0.0003
100.10973116	0.0011
100.137166	0.0002
100.16460084	0.0002
100.19203568	0.0003
100.21947052	0.0006
100.24690536	0.0003
100.2743402	0.0005
100.30177504	0.0006
100.32920988	0.0004
100.35664472	0.0006
100.38407956	0.0002
100.4115144	0.001
100.43894924	0.0004
100.46638408	0.0004
100.49381892	0.0004
100.52125376	0.0005
100.5486886	0.0009
100.57612344	0.0008
100.60355828	0.0008
100.63099312	0.0006
100.65842796	0.0009
100.6858628	0.0005
100.71329764	0.0006
100.74073248	0.0008
100.76816732	0.0007
100.79560216	0.0007
100.823037	0.0006
100.85047184	0.0005
100.87790668	0.0009
100.90534152	0.0007
100.93277636	0.0003
100.9602112	0.0006
100.98764604	0.0005
101.01508088	0.0004
101.04251572	0.0006
101.06995056	0.0005
101.0973854	0.0004
101.12482024	0.0003
101.15225508	0.0005
101.17968992	0.0008
101.20712476	0.0004
101.2345596	0.0011
101.26199444	0.0002
101.28942928	0.0005
101.31686412	0.0
101.34429896	0.0003
101.3717338	0.0002
101.39916864	0.0009
101.42660348	0.0002
101.45403832	0.0007
101.48147316	0.0009
101.508908	0.0
101.53634284	0.0003
101.56377768	0.0006
101.59121252	0.0005
101.61864736	0.0003
101.6460822	0.0003
101.67351704	0.0003
101.70095188	0.0008
101.72838672	0.0001
101.75582156	0.0005
101.7832564	0.0004
101.81069124	0.0006
101.83812608	0.0004
101.86556092	0.0006
101.89299576	0.0005
101.9204306	0.0004
101.94786544	0.0004
101.97530028	0.0005
102.00273512	0.0004
102.03016996	0.0007
102.0576048	0.0006
102.08503964	0.0002
102.11247448	0.0007
102.13990932	0.0007
102.16734416	0.0002
102.194779	0.0007
102.22221384	0.0003
102.24964868	0.0008
102.27708352	0.0006
102.30451836	0.0008
102.3319532	0.0001
102.35938804	0.0002
102.38682288	0.0002
102.41425772	0.0006
102.44169256	0.0009
102.4691274	0.0009
102.49656224	0.0002
102.52399708	0.0004
102.55143192	0.0004
102.57886676	0.0005
102.6063016	0.0007
102.63373644	0.0004
102.66117128	0.0007
102.68860612	0.0004
102.71604096	0.0002
102.7434758	0.0007
102.77091064	0.0005
102.79834548	0.0005
102.82578032	0.0005
102.85321516	0.0004
102.88065	0.0007
102.90808484	0.0005
102.93551968	0.0003
102.96295452	0.0006
102.99038936	0.0007
103.0178242	0.0006
103.04525904	0.0002
103.07269388	0.0004
103.10012872	0.0002
103.12756356	0.0005
103.1549984	0.0002
103.18243324	0.0003
103.20986808	0.0003
103.23730292	0.0006
103.26473776	0.0003
103.2921726	0.0008
103.31960744	0.0002
103.34704228	0.0003
103.37447712	0.0004
103.40191196	0.0007
103.4293468	0.0005
103.45678164	0.0008
103.48421648	0.0004
103.51165132	0.0004
103.53908616	0.0006
103.566521	0.0003
103.59395584	0.0001
103.62139068	0.0007
103.64882552	0.0002
103.67626036	0.0005
103.7036952	0.001
103.73113004	0.0004
103.75856488	0.0001
103.78599972	0.0007
103.81343456	0.0005
103.8408694	0.0004
103.86830424	0.0003
103.89573908	0.0005
103.92317392	0.0003
103.95060876	0.0001
103.9780436	0.0006
104.00547844	0.0
104.03291328	0.0005
104.06034812	0.0003
104.08778296	0.0006
104.1152178	0.0007
104.14265264	0.0003
104.17008748	0.0006
104.19752232	0.0006
104.22495716	0.0007
104.252392	0.0004
104.27982684	0.0005
104.30726168	0.0001
104.33469652	0.0003
104.36213136	0.0002
104.3895662	0.0007
104.41700104	0.0001
104.44443588	0.0005
104.47187072	0.0004
104.49930556	0.0003
104.5267404	0.0005
104.55417524	0.0009
104.58161008	0.0001
104.60904492	0.0002
104.63647976	0.0003
104.6639146	0.0003
104.69134944	0.0002
104.71878428	0.0005
104.74621912	0.0003
104.77365396	0.0006
104.8010888	0.0005
104.82852364	0.0006
104.85595848	0.0003
104.88339332	0.0008
104.91082816	0.0002
104.938263	0.0004
104.96569784	0.0003
104.99313268	0.0006
105.02056752	0.0005
105.04800236	0.0002
105.0754372	0.0003
105.10287204	0.0001
105.13030688	0.0005
105.15774172	0.0008
105.18517656	0.0001
105.2126114	0.0001
105.24004624	0.0002
105.26748108	0.0004
105.29491592	0.0001
105.32235076	0.0006
105.3497856	0.0004
105.37722044	0.001
105.40465528	0.0008
105.43209012	0.0001
105.45952496	0.0005
105.4869598	0.0004
105.51439464	0.0007
105.54182948	0.0002
105.56926432	0.0004
105.59669916	0.0005
105.624134	0.0005
105.65156884	0.0005
105.67900368	0.0005
105.70643852	0.0002
105.73387336	0.0003
105.7613082	0.0003
105.78874304	0.0003
105.81617788	0.0007
105.84361272	0.0001
105.87104756	0.0006
105.8984824	0.0009
105.92591724	0.0001
105.95335208	0.0004
105.98078692	0.0003
106.00822176	0.0002
106.0356566	0.0002
106.06309144	0.0003
106.09052628	0.0008
106.11796112	0.0003
106.14539596	0.0004
106.1728308	0.0003
106.20026564	0.0001
106.22770048	0.0001
106.25513532	0.0001
106.28257016	0.0003
106.310005	0.0005
106.33743984	0.0004
106.36487468	0.0
106.39230952	0.0002
106.41974436	0.0001
106.4471792	0.0002
106.47461404	0.0002
106.50204888	0.0002
106.52948372	0.0
106.55691856	0.0004
106.5843534	0.0004
106.61178824	0.0004
106.63922308	0.001
106.66665792	0.0003
106.69409276	0.0002
106.7215276	0.0004
106.74896244	0.0002
106.77639728	0.0002
106.80383212	0.0004
106.83126696	0.0004
106.8587018	0.0008
106.88613664	0.0
106.91357148	0.0
106.94100632	0.0
106.96844116	0.0
106.995876	0.0
107.02331084	0.0
107.05074568	0.0
107.07818052	0.0
107.10561536	0.0
107.1330502	0.0
107.16048504	0.0
107.18791988	0.0
107.21535472	0.0
107.24278956	0.0
107.2702244	0.0
107.29765924	0.0
107.32509408	0.0
107.35252892	0.0
107.37996376	0.0
107.4073986	0.0
107.43483344	0.0
107.46226828	0.0
107.48970312	0.0
107.51713796	0.0
107.5445728	0.0
107.57200764	0.0
107.59944248	0.0
107.62687732	0.0
107.65431216	0.0
107.681747	0.0
107.70918184	0.0
107.73661668	0.0
107.76405152	0.0
107.79148636	0.0
107.8189212	0.0
107.84635604	0.0
107.87379088	0.0
107.90122572	0.0
107.92866056	0.0
107.9560954	0.0
107.98353024	0.0
108.01096508	0.0
108.03839992	0.0
108.06583476	0.0
108.0932696	0.0
108.12070444	0.0
108.14813928	0.0
108.17557412	0.0
108.20300896	0.0
108.2304438	0.0
108.25787864	0.0
108.28531348	0.0
108.31274832	0.0
108.34018316	0.0
108.367618	0.0
108.39505284	0.0
108.42248768	0.0
108.44992252	0.0
108.47735736	0.0
108.5047922	0.0
108.53222704	0.0
108.55966188	0.0
108.58709672	0.0
108.61453156	0.0
108.6419664	0.0
108.66940124	0.0
108.69683608	0.0
108.72427092	0.0
108.75170576	0.0
108.7791406	0.0
108.80657544	0.0
108.83401028	0.0
108.86144512	0.0
108.88887996	0.0
108.9163148	0.0
108.94374964	0.0
108.97118448	0.0
108.99861932	0.0
109.02605416	0.0
109.053489	0.0
109.08092384	0.0
109.10835868	0.0
109.13579352	0.0
109.16322836	0.0
109.1906632	0.0
109.21809804	0.0
109.24553288	0.0
109.27296772	0.0
109.30040256	0.0
109.3278374	0.0
109.35527224	0.0
109.38270708	0.0
109.41014192	0.0
109.43757676	0.0
109.4650116	0.0
109.49244644	0.0
109.51988128	0.0
109.54731612	0.0
109.57475096	0.0
109.6021858	0.0
109.62962064	0.0
109.65705548	0.0
109.68449032	0.0
109.71192516	0.0
109.73936	0.0
109.76679484	0.0
109.79422968	0.0
109.82166452	0.0
109.84909936	0.0
109.8765342	0.0
109.90396904	0.0
109.93140388	0.0
109.95883872	0.0
109.98627356	0.0
110.0137084	0.0
110.04114324	0.0
110.06857808	0.0
110.09601292	0.0
110.12344776	0.0
110.1508826	0.0
110.17831744	0.0
110.20575228	0.0
110.23318712	0.0
110.26062196	0.0
110.2880568	0.0
110.31549164	0.0
110.34292648	0.0
110.37036132	0.0
110.39779616	0.0
110.425231	0.0
110.45266584	0.0
110.48010068	0.0
110.50753552	0.0
110.53497036	0.0
110.5624052	0.0
110.58984004	0.0
110.61727488	0.0
110.64470972	0.0
110.67214456	0.0
110.6995794	0.0
110.72701424	0.0
110.75444908	0.0
110.78188392	0.0
110.80931876	0.0
110.8367536	0.0
110.86418844	0.0
110.89162328	0.0
110.91905812	0.0
110.94649296	0.0
110.9739278	0.0
111.00136264	0.0
111.02879748	0.0
111.05623232	0.0
111.08366716	0.0
111.111102	0.0
111.13853684	0.0
111.16597168	0.0
111.19340652	0.0
111.22084136	0.0
111.2482762	0.0
111.27571104	0.0
111.30314588	0.0
111.33058072	0.0
111.35801556	0.0
111.3854504	0.0
111.41288524	0.0
111.44032008	0.0
111.46775492	0.0
111.49518976	0.0
111.5226246	0.0
111.55005944	0.0
111.57749428	0.0
111.60492912	0.0
111.63236396	0.0
111.6597988	0.0
111.68723364	0.0
111.71466848	0.0
111.74210332	0.0
111.76953816	0.0
111.796973	0.0
111.82440784	0.0
111.85184268	0.0
111.87927752	0.0
111.90671236	0.0
111.9341472	0.0
111.96158204	0.0
111.98901688	0.0
112.01645172	0.0
112.04388656	0.0
112.0713214	0.0
112.09875624	0.0
112.12619108	0.0
112.15362592	0.0
112.18106076	0.0
112.2084956	0.0
112.23593044	0.0
112.26336528	0.0
112.29080012	0.0
112.31823496	0.0
112.3456698	0.0
112.37310464	0.0
